22 7 0
23 7 0
24 7 0
19 8 0
20 8 0
21 8 0
22 8 0
23 8 0
24 8 0
25 8 0
26 8 0
27 8 0
18 9 0
19 9 0
20 9 0
21 9 0
22 9 0
23 9 0
24 9 0
25 9 0
26 9 0
27 9 0
28 9 0
17 10 0
18 10 0
19 10 0
20 10 0
21 10 0
22 10 0
23 10 0
24 10 0
25 10 0
26 10 0
27 10 0
28 10 0
29 10 0
16 11 0
17 11 0
18 11 0
19 11 0
20 11 0
21 11 0
22 11 0
23 11 0
25 11 0
26 11 0
27 11 0
28 11 0
29 11 0
15 12 0
16 12 0
17 12 0
18 12 0
19 12 0
20 12 0
21 12 0
22 12 0
23 12 0
24 12 0
25 12 0
26 12 0
27 12 0
28 12 0
29 12 0
30 12 0
15 13 0
16 13 0
17 13 0
18 13 0
19 13 0
20 13 0
21 13 0
22 13 0
23 13 0
24 13 0
25 13 0
26 13 0
27 13 0
28 13 0
29 13 0
30 13 0
31 13 0
14 14 0
15 14 0
16 14 0
17 14 0
18 14 0
19 14 0
20 14 0
21 14 0
22 14 0
23 14 0
24 14 0
25 14 0
26 14 0
27 14 0
28 14 0
29 14 0
30 14 0
31 14 0
14 15 0
15 15 0
16 15 0
17 15 0
18 15 0
19 15 0
20 15 0
21 15 0
22 15 0
23 15 0
24 15 0
25 15 0
26 15 0
27 15 0
28 15 0
29 15 0
30 15 0
31 15 0
32 15 0
14 16 0
15 16 0
16 16 0
17 16 0
18 16 0
19 16 0
20 16 0
21 16 0
22 16 0
23 16 0
24 16 0
25 16 0
26 16 0
27 16 0
28 16 0
29 16 0
30 16 0
31 16 0
32 16 0
13 17 0
14 17 0
15 17 0
16 17 0
17 17 0
18 17 0
19 17 0
20 17 0
21 17 0
22 17 0
23 17 0
24 17 0
25 17 0
26 17 0
27 17 0
28 17 0
29 17 0
30 17 0
31 17 0
32 17 0
13 18 0
14 18 0
15 18 0
16 18 0
17 18 0
18 18 0
19 18 0
20 18 0
21 18 0
22 18 0
23 18 0
24 18 0
25 18 0
26 18 0
27 18 0
28 18 0
29 18 0
30 18 0
31 18 0
32 18 0
33 18 0
13 19 0
14 19 0
15 19 0
16 19 0
17 19 0
18 19 0
19 19 0
20 19 0
21 19 0
22 19 0
23 19 0
24 19 0
25 19 0
26 19 0
27 19 0
28 19 0
29 19 0
30 19 0
31 19 0
32 19 0
33 19 0
13 20 0
14 20 0
15 20 0
16 20 0
17 20 0
18 20 0
19 20 0
20 20 0
21 20 0
22 20 0
23 20 0
24 20 0
25 20 0
26 20 0
27 20 0
29 20 0
30 20 0
31 20 0
32 20 0
33 20 0
12 21 0
13 21 0
14 21 0
15 21 0
16 21 0
17 21 0
18 21 0
19 21 0
20 21 0
21 21 0
22 21 0
23 21 0
24 21 0
25 21 0
26 21 0
27 21 0
28 21 0
29 21 0
30 21 0
32 21 0
33 21 0
12 22 0
13 22 0
14 22 0
15 22 0
16 22 0
17 22 0
18 22 0
19 22 0
20 22 0
21 22 0
22 22 0
23 22 0
24 22 0
25 22 0
26 22 0
27 22 0
28 22 0
29 22 0
30 22 0
31 22 0
32 22 0
33 22 0
12 23 0
13 23 0
14 23 0
15 23 0
16 23 0
17 23 0
18 23 0
19 23 0
20 23 0
21 23 0
22 23 0
23 23 0
24 23 0
25 23 0
26 23 0
27 23 0
28 23 0
29 23 0
31 23 0
32 23 0
33 23 0
12 24 0
13 24 0
14 24 0
15 24 0
16 24 0
17 24 0
18 24 0
19 24 0
20 24 0
21 24 0
22 24 0
23 24 0
24 24 0
25 24 0
26 24 0
27 24 0
28 24 0
29 24 0
30 24 0
31 24 0
32 24 0
33 24 0
12 25 0
13 25 0
14 25 0
15 25 0
16 25 0
17 25 0
18 25 0
19 25 0
20 25 0
21 25 0
22 25 0
23 25 0
24 25 0
25 25 0
26 25 0
27 25 0
28 25 0
29 25 0
30 25 0
31 25 0
32 25 0
33 25 0
12 26 0
13 26 0
14 26 0
15 26 0
16 26 0
17 26 0
18 26 0
19 26 0
20 26 0
21 26 0
22 26 0
23 26 0
24 26 0
25 26 0
26 26 0
27 26 0
28 26 0
29 26 0
31 26 0
32 26 0
33 26 0
12 27 0
13 27 0
14 27 0
15 27 0
16 27 0
17 27 0
18 27 0
19 27 0
20 27 0
21 27 0
22 27 0
23 27 0
24 27 0
25 27 0
26 27 0
27 27 0
28 27 0
29 27 0
30 27 0
31 27 0
32 27 0
33 27 0
12 28 0
13 28 0
14 28 0
15 28 0
16 28 0
17 28 0
18 28 0
19 28 0
20 28 0
21 28 0
22 28 0
23 28 0
24 28 0
25 28 0
26 28 0
27 28 0
28 28 0
29 28 0
30 28 0
31 28 0
32 28 0
33 28 0
13 29 0
14 29 0
15 29 0
17 29 0
18 29 0
19 29 0
20 29 0
21 29 0
22 29 0
23 29 0
24 29 0
25 29 0
26 29 0
27 29 0
28 29 0
29 29 0
30 29 0
31 29 0
32 29 0
33 29 0
13 30 0
14 30 0
15 30 0
16 30 0
17 30 0
19 30 0
20 30 0
21 30 0
22 30 0
23 30 0
24 30 0
25 30 0
26 30 0
27 30 0
28 30 0
29 30 0
30 30 0
31 30 0
32 30 0
33 30 0
13 31 0
14 31 0
15 31 0
16 31 0
17 31 0
18 31 0
19 31 0
20 31 0
21 31 0
22 31 0
23 31 0
24 31 0
25 31 0
26 31 0
27 31 0
28 31 0
29 31 0
30 31 0
31 31 0
32 31 0
33 31 0
13 32 0
14 32 0
15 32 0
16 32 0
17 32 0
18 32 0
19 32 0
20 32 0
21 32 0
22 32 0
23 32 0
24 32 0
25 32 0
26 32 0
27 32 0
28 32 0
29 32 0
30 32 0
31 32 0
32 32 0
14 33 0
15 33 0
16 33 0
17 33 0
18 33 0
19 33 0
20 33 0
21 33 0
22 33 0
23 33 0
24 33 0
25 33 0
26 33 0
27 33 0
28 33 0
29 33 0
30 33 0
31 33 0
32 33 0
14 34 0
15 34 0
16 34 0
17 34 0
18 34 0
19 34 0
20 34 0
21 34 0
22 34 0
23 34 0
24 34 0
25 34 0
26 34 0
27 34 0
28 34 0
29 34 0
30 34 0
31 34 0
32 34 0
14 35 0
15 35 0
16 35 0
17 35 0
18 35 0
19 35 0
20 35 0
21 35 0
22 35 0
23 35 0
24 35 0
25 35 0
26 35 0
27 35 0
28 35 0
29 35 0
30 35 0
31 35 0
15 36 0
16 36 0
17 36 0
18 36 0
19 36 0
20 36 0
21 36 0
22 36 0
23 36 0
24 36 0
25 36 0
26 36 0
27 36 0
28 36 0
29 36 0
30 36 0
31 36 0
15 37 0
16 37 0
17 37 0
18 37 0
19 37 0
20 37 0
21 37 0
22 37 0
23 37 0
24 37 0
25 37 0
26 37 0
27 37 0
28 37 0
29 37 0
30 37 0
16 38 0
17 38 0
18 38 0
19 38 0
20 38 0
21 38 0
22 38 0
23 38 0
24 38 0
25 38 0
26 38 0
27 38 0
28 38 0
29 38 0
17 39 0
18 39 0
19 39 0
20 39 0
21 39 0
22 39 0
23 39 0
24 39 0
25 39 0
26 39 0
27 39 0
28 39 0
29 39 0
18 40 0
19 40 0
20 40 0
21 40 0
22 40 0
23 40 0
24 40 0
25 40 0
26 40 0
27 40 0
28 40 0
19 41 0
20 41 0
21 41 0
22 41 0
23 41 0
24 41 0
25 41 0
26 41 0
27 41 0
22 42 0
23 42 0
24 42 0
20 6 1
21 6 1
22 6 1
23 6 1
24 6 1
25 6 1
18 7 1
19 7 1
20 7 1
21 7 1
22 7 1
23 7 1
24 7 1
25 7 1
26 7 1
27 7 1
17 8 1
18 8 1
19 8 1
26 8 1
27 8 1
28 8 1
29 8 1
16 9 1
17 9 1
18 9 1
27 9 1
28 9 1
29 9 1
15 10 1
16 10 1
17 10 1
29 10 1
30 10 1
15 11 1
16 11 1
30 11 1
31 11 1
14 12 1
15 12 1
31 12 1
32 12 1
14 13 1
15 13 1
31 13 1
32 13 1
13 14 1
14 14 1
32 14 1
13 15 1
14 15 1
32 15 1
33 15 1
12 16 1
13 16 1
32 16 1
33 16 1
12 17 1
13 17 1
33 17 1
12 18 1
13 18 1
33 18 1
34 18 1
12 19 1
13 19 1
33 19 1
34 19 1
11 20 1
12 20 1
33 20 1
34 20 1
11 21 1
12 21 1
33 21 1
34 21 1
11 22 1
12 22 1
34 22 1
11 23 1
12 23 1
33 23 1
34 23 1
11 24 1
12 24 1
34 24 1
11 25 1
12 25 1
34 25 1
11 26 1
12 26 1
34 26 1
11 27 1
12 27 1
33 27 1
34 27 1
11 28 1
12 28 1
33 28 1
34 28 1
12 29 1
33 29 1
34 29 1
12 30 1
13 30 1
33 30 1
34 30 1
12 31 1
13 31 1
33 31 1
34 31 1
12 32 1
13 32 1
33 32 1
12 33 1
13 33 1
32 33 1
33 33 1
13 34 1
14 34 1
32 34 1
33 34 1
13 35 1
14 35 1
31 35 1
32 35 1
14 36 1
15 36 1
31 36 1
32 36 1
14 37 1
15 37 1
30 37 1
31 37 1
32 37 1
15 38 1
16 38 1
30 38 1
31 38 1
15 39 1
16 39 1
17 39 1
29 39 1
30 39 1
16 40 1
17 40 1
18 40 1
28 40 1
29 40 1
17 41 1
18 41 1
19 41 1
26 41 1
27 41 1
28 41 1
29 41 1
18 42 1
19 42 1
20 42 1
21 42 1
22 42 1
23 42 1
24 42 1
25 42 1
26 42 1
27 42 1
20 43 1
21 43 1
22 43 1
23 43 1
24 43 1
25 43 1
19 6 2
20 6 2
21 6 2
22 6 2
23 6 2
24 6 2
25 6 2
26 6 2
27 6 2
17 7 2
18 7 2
19 7 2
27 7 2
28 7 2
17 8 2
18 8 2
28 8 2
29 8 2
16 9 2
29 9 2
30 9 2
15 10 2
16 10 2
30 10 2
31 10 2
14 11 2
15 11 2
31 11 2
14 12 2
32 12 2
13 13 2
14 13 2
32 13 2
13 14 2
32 14 2
33 14 2
12 15 2
13 15 2
33 15 2
12 16 2
33 16 2
12 17 2
33 17 2
34 17 2
12 18 2
34 18 2
11 19 2
12 19 2
34 19 2
11 20 2
12 20 2
34 20 2
11 21 2
34 21 2
11 22 2
34 22 2
11 23 2
34 23 2
35 23 2
11 24 2
34 24 2
35 24 2
11 25 2
34 25 2
35 25 2
11 26 2
34 26 2
35 26 2
11 27 2
34 27 2
11 28 2
34 28 2
11 29 2
12 29 2
34 29 2
11 30 2
12 30 2
34 30 2
12 31 2
34 31 2
12 32 2
33 32 2
34 32 2
12 33 2
33 33 2
12 34 2
13 34 2
33 34 2
13 35 2
32 35 2
33 35 2
13 36 2
14 36 2
32 36 2
14 37 2
32 37 2
14 38 2
15 38 2
31 38 2
15 39 2
16 39 2
30 39 2
31 39 2
16 40 2
29 40 2
30 40 2
17 41 2
18 41 2
28 41 2
29 41 2
18 42 2
19 42 2
27 42 2
28 42 2
19 43 2
20 43 2
21 43 2
22 43 2
23 43 2
24 43 2
25 43 2
26 43 2
27 43 2
20 5 3
21 5 3
22 5 3
23 5 3
24 5 3
25 5 3
26 5 3
18 6 3
19 6 3
20 6 3
21 6 3
24 6 3
25 6 3
26 6 3
27 6 3
28 6 3
17 7 3
18 7 3
27 7 3
28 7 3
29 7 3
16 8 3
17 8 3
28 8 3
29 8 3
30 8 3
15 9 3
16 9 3
29 9 3
30 9 3
14 10 3
15 10 3
31 10 3
32 10 3
14 11 3
31 11 3
32 11 3
13 12 3
14 12 3
32 12 3
33 12 3
13 13 3
32 13 3
33 13 3
12 14 3
13 14 3
33 14 3
12 15 3
13 15 3
33 15 3
34 15 3
12 16 3
33 16 3
34 16 3
11 17 3
12 17 3
34 17 3
11 18 3
12 18 3
34 18 3
11 19 3
34 19 3
35 19 3
11 20 3
34 20 3
35 20 3
11 21 3
34 21 3
35 21 3
11 22 3
35 22 3
10 23 3
11 23 3
35 23 3
10 24 3
11 24 3
35 24 3
10 25 3
11 25 3
35 25 3
10 26 3
11 26 3
35 26 3
11 27 3
35 27 3
11 28 3
35 28 3
11 29 3
34 29 3
35 29 3
11 30 3
34 30 3
35 30 3
11 31 3
12 31 3
34 31 3
35 31 3
11 32 3
12 32 3
34 32 3
12 33 3
33 33 3
34 33 3
12 34 3
13 34 3
33 34 3
34 34 3
12 35 3
13 35 3
33 35 3
13 36 3
32 36 3
33 36 3
13 37 3
14 37 3
32 37 3
33 37 3
14 38 3
31 38 3
32 38 3
14 39 3
15 39 3
31 39 3
32 39 3
15 40 3
16 40 3
29 40 3
30 40 3
16 41 3
17 41 3
29 41 3
30 41 3
17 42 3
18 42 3
19 42 3
28 42 3
29 42 3
18 43 3
19 43 3
20 43 3
21 43 3
22 43 3
25 43 3
26 43 3
27 43 3
28 43 3
20 44 3
21 44 3
22 44 3
23 44 3
24 44 3
25 44 3
26 44 3
20 4 4
21 4 4
22 4 4
23 4 4
24 4 4
25 4 4
18 5 4
19 5 4
20 5 4
22 5 4
24 5 4
25 5 4
26 5 4
27 5 4
16 6 4
17 6 4
18 6 4
19 6 4
27 6 4
28 6 4
29 6 4
15 7 4
16 7 4
17 7 4
28 7 4
29 7 4
30 7 4
15 8 4
16 8 4
30 8 4
31 8 4
14 9 4
15 9 4
30 9 4
31 9 4
13 10 4
14 10 4
32 10 4
13 11 4
14 11 4
32 11 4
33 11 4
12 12 4
13 12 4
33 12 4
12 13 4
13 13 4
33 13 4
34 13 4
12 14 4
33 14 4
34 14 4
11 15 4
12 15 4
34 15 4
11 16 4
12 16 4
34 16 4
35 16 4
11 17 4
34 17 4
35 17 4
10 18 4
11 18 4
34 18 4
35 18 4
11 19 4
35 19 4
10 20 4
11 20 4
35 20 4
10 21 4
35 21 4
36 21 4
10 22 4
35 22 4
10 23 4
35 23 4
36 23 4
10 24 4
35 24 4
36 24 4
10 25 4
35 25 4
36 25 4
10 26 4
35 26 4
36 26 4
10 27 4
35 27 4
10 28 4
11 28 4
35 28 4
36 28 4
10 29 4
11 29 4
35 29 4
11 30 4
35 30 4
11 31 4
35 31 4
11 32 4
34 32 4
35 32 4
11 33 4
12 33 4
34 33 4
35 33 4
11 34 4
12 34 4
34 34 4
11 35 4
12 35 4
33 35 4
34 35 4
12 36 4
13 36 4
33 36 4
34 36 4
12 37 4
13 37 4
33 37 4
13 38 4
32 38 4
33 38 4
14 39 4
31 39 4
32 39 4
14 40 4
15 40 4
31 40 4
32 40 4
15 41 4
16 41 4
30 41 4
31 41 4
16 42 4
17 42 4
28 42 4
29 42 4
30 42 4
17 43 4
18 43 4
19 43 4
27 43 4
28 43 4
29 43 4
19 44 4
20 44 4
22 44 4
24 44 4
25 44 4
26 44 4
27 44 4
28 44 4
20 45 4
21 45 4
22 45 4
23 45 4
24 45 4
25 45 4
20 3 5
21 3 5
22 3 5
23 3 5
24 3 5
26 3 5
18 4 5
19 4 5
20 4 5
21 4 5
22 4 5
24 4 5
25 4 5
26 4 5
27 4 5
17 5 5
18 5 5
19 5 5
27 5 5
28 5 5
29 5 5
15 6 5
16 6 5
17 6 5
29 6 5
30 6 5
15 7 5
16 7 5
30 7 5
31 7 5
14 8 5
15 8 5
31 8 5
32 8 5
14 9 5
31 9 5
32 9 5
13 10 5
32 10 5
33 10 5
12 11 5
13 11 5
33 11 5
12 12 5
33 12 5
34 12 5
11 13 5
12 13 5
34 13 5
11 14 5
34 14 5
35 14 5
11 15 5
34 15 5
35 15 5
11 16 5
35 16 5
10 17 5
11 17 5
35 17 5
10 18 5
35 18 5
36 18 5
10 19 5
35 19 5
10 20 5
36 20 5
10 21 5
36 21 5
9 22 5
10 22 5
36 22 5
9 23 5
10 23 5
36 23 5
9 24 5
10 24 5
36 24 5
9 25 5
10 25 5
36 25 5
9 26 5
10 26 5
36 26 5
9 27 5
10 27 5
36 27 5
10 28 5
36 28 5
10 29 5
36 29 5
10 30 5
35 30 5
10 31 5
35 31 5
36 31 5
10 32 5
11 32 5
35 32 5
11 33 5
35 33 5
11 34 5
34 34 5
35 34 5
11 35 5
12 35 5
34 35 5
35 35 5
11 36 5
12 36 5
34 36 5
12 37 5
33 37 5
34 37 5
12 38 5
13 38 5
33 38 5
13 39 5
32 39 5
33 39 5
13 40 5
14 40 5
31 40 5
32 40 5
14 41 5
15 41 5
31 41 5
32 41 5
15 42 5
30 42 5
31 42 5
16 43 5
17 43 5
29 43 5
30 43 5
17 44 5
18 44 5
19 44 5
27 44 5
28 44 5
29 44 5
18 45 5
19 45 5
20 45 5
21 45 5
22 45 5
24 45 5
25 45 5
26 45 5
27 45 5
20 46 5
22 46 5
23 46 5
24 46 5
25 46 5
21 2 6
22 2 6
23 2 6
24 2 6
25 2 6
18 3 6
19 3 6
20 3 6
21 3 6
22 3 6
23 3 6
24 3 6
25 3 6
26 3 6
27 3 6
17 4 6
18 4 6
27 4 6
28 4 6
16 5 6
17 5 6
29 5 6
30 5 6
15 6 6
16 6 6
30 6 6
31 6 6
14 7 6
15 7 6
31 7 6
32 7 6
13 8 6
14 8 6
32 8 6
13 9 6
32 9 6
33 9 6
12 10 6
13 10 6
33 10 6
34 10 6
12 11 6
33 11 6
34 11 6
11 12 6
12 12 6
34 12 6
11 13 6
34 13 6
35 13 6
11 14 6
35 14 6
10 15 6
11 15 6
35 15 6
10 16 6
35 16 6
10 17 6
36 17 6
10 18 6
36 18 6
9 19 6
10 19 6
36 19 6
9 20 6
10 20 6
36 20 6
9 21 6
36 21 6
37 21 6
9 22 6
36 22 6
37 22 6
9 23 6
36 23 6
37 23 6
9 24 6
36 24 6
37 24 6
9 25 6
36 25 6
37 25 6
9 26 6
36 26 6
37 26 6
9 27 6
36 27 6
37 27 6
9 28 6
36 28 6
37 28 6
9 29 6
10 29 6
36 29 6
9 30 6
10 30 6
36 30 6
10 31 6
36 31 6
10 32 6
36 32 6
10 33 6
35 33 6
36 33 6
10 34 6
11 34 6
35 34 6
11 35 6
35 35 6
11 36 6
34 36 6
35 36 6
11 37 6
12 37 6
34 37 6
35 37 6
12 38 6
33 38 6
34 38 6
12 39 6
13 39 6
33 39 6
34 39 6
13 40 6
32 40 6
33 40 6
14 41 6
32 41 6
14 42 6
15 42 6
31 42 6
32 42 6
15 43 6
16 43 6
30 43 6
31 43 6
16 44 6
17 44 6
29 44 6
30 44 6
17 45 6
18 45 6
27 45 6
28 45 6
29 45 6
18 46 6
19 46 6
20 46 6
21 46 6
22 46 6
23 46 6
24 46 6
25 46 6
26 46 6
27 46 6
21 47 6
22 47 6
23 47 6
24 47 6
25 47 6
23 1 7
19 2 7
20 2 7
21 2 7
22 2 7
23 2 7
24 2 7
25 2 7
26 2 7
27 2 7
17 3 7
18 3 7
19 3 7
26 3 7
27 3 7
28 3 7
29 3 7
16 4 7
17 4 7
28 4 7
29 4 7
15 5 7
16 5 7
30 5 7
31 5 7
14 6 7
15 6 7
31 6 7
14 7 7
31 7 7
32 7 7
13 8 7
32 8 7
33 8 7
12 9 7
13 9 7
33 9 7
34 9 7
12 10 7
34 10 7
11 11 7
12 11 7
34 11 7
35 11 7
11 12 7
34 12 7
35 12 7
10 13 7
11 13 7
35 13 7
10 14 7
35 14 7
36 14 7
10 15 7
36 15 7
9 16 7
10 16 7
36 16 7
9 17 7
10 17 7
36 17 7
9 18 7
36 18 7
37 18 7
9 19 7
36 19 7
37 19 7
9 20 7
37 20 7
9 21 7
37 21 7
9 22 7
37 22 7
8 23 7
9 23 7
37 23 7
8 24 7
9 24 7
37 24 7
8 25 7
9 25 7
37 25 7
8 26 7
9 26 7
37 26 7
9 27 7
37 27 7
9 28 7
37 28 7
9 29 7
37 29 7
9 30 7
36 30 7
37 30 7
9 31 7
36 31 7
37 31 7
9 32 7
10 32 7
36 32 7
9 33 7
10 33 7
36 33 7
10 34 7
36 34 7
10 35 7
35 35 7
36 35 7
11 36 7
35 36 7
11 37 7
34 37 7
35 37 7
11 38 7
12 38 7
34 38 7
35 38 7
12 39 7
34 39 7
12 40 7
13 40 7
33 40 7
13 41 7
32 41 7
33 41 7
13 42 7
14 42 7
31 42 7
32 42 7
14 43 7
15 43 7
31 43 7
15 44 7
16 44 7
30 44 7
31 44 7
16 45 7
17 45 7
28 45 7
29 45 7
30 45 7
17 46 7
18 46 7
19 46 7
27 46 7
28 46 7
19 47 7
20 47 7
21 47 7
22 47 7
23 47 7
24 47 7
25 47 7
26 47 7
27 47 7
23 48 7
20 1 8
21 1 8
22 1 8
23 1 8
24 1 8
25 1 8
26 1 8
18 2 8
19 2 8
20 2 8
26 2 8
27 2 8
28 2 8
17 3 8
18 3 8
28 3 8
29 3 8
15 4 8
16 4 8
29 4 8
30 4 8
14 5 8
15 5 8
31 5 8
32 5 8
13 6 8
14 6 8
31 6 8
32 6 8
13 7 8
32 7 8
33 7 8
12 8 8
13 8 8
33 8 8
34 8 8
12 9 8
34 9 8
11 10 8
12 10 8
34 10 8
11 11 8
35 11 8
10 12 8
11 12 8
35 12 8
10 13 8
35 13 8
36 13 8
10 14 8
36 14 8
9 15 8
10 15 8
36 15 8
9 16 8
36 16 8
37 16 8
9 17 8
37 17 8
9 18 8
37 18 8
9 19 8
37 19 8
8 20 8
9 20 8
37 20 8
8 21 8
37 21 8
8 22 8
37 22 8
8 23 8
37 23 8
8 24 8
37 24 8
8 25 8
37 25 8
38 25 8
8 26 8
37 26 8
8 27 8
37 27 8
8 28 8
37 28 8
8 29 8
9 29 8
37 29 8
8 30 8
9 30 8
37 30 8
9 31 8
37 31 8
9 32 8
37 32 8
9 33 8
36 33 8
37 33 8
9 34 8
10 34 8
36 34 8
10 35 8
36 35 8
10 36 8
35 36 8
36 36 8
10 37 8
11 37 8
35 37 8
11 38 8
35 38 8
11 39 8
12 39 8
34 39 8
11 40 8
12 40 8
34 40 8
12 41 8
13 41 8
33 41 8
34 41 8
13 42 8
32 42 8
33 42 8
13 43 8
14 43 8
32 43 8
14 44 8
15 44 8
31 44 8
15 45 8
16 45 8
29 45 8
30 45 8
31 45 8
16 46 8
17 46 8
28 46 8
29 46 8
18 47 8
19 47 8
20 47 8
25 47 8
26 47 8
27 47 8
28 47 8
20 48 8
21 48 8
22 48 8
23 48 8
24 48 8
25 48 8
26 48 8
23 0 9
19 1 9
20 1 9
21 1 9
22 1 9
23 1 9
24 1 9
25 1 9
26 1 9
27 1 9
17 2 9
18 2 9
27 2 9
28 2 9
29 2 9
16 3 9
17 3 9
29 3 9
30 3 9
15 4 9
16 4 9
30 4 9
31 4 9
14 5 9
31 5 9
32 5 9
13 6 9
32 6 9
33 6 9
12 7 9
13 7 9
33 7 9
12 8 9
34 8 9
11 9 9
34 9 9
11 10 9
35 10 9
10 11 9
11 11 9
35 11 9
10 12 9
35 12 9
36 12 9
10 13 9
36 13 9
9 14 9
10 14 9
36 14 9
9 15 9
36 15 9
37 15 9
9 16 9
37 16 9
9 17 9
37 17 9
8 18 9
9 18 9
37 18 9
8 19 9
37 19 9
8 20 9
37 20 9
8 21 9
37 21 9
38 21 9
8 22 9
38 22 9
8 23 9
38 23 9
8 24 9
38 24 9
8 25 9
38 25 9
8 26 9
37 26 9
38 26 9
8 27 9
37 27 9
38 27 9
8 28 9
37 28 9
38 28 9
8 29 9
37 29 9
8 30 9
37 30 9
8 31 9
9 31 9
37 31 9
9 32 9
37 32 9
9 33 9
37 33 9
9 34 9
36 34 9
37 34 9
9 35 9
36 35 9
10 36 9
36 36 9
10 37 9
35 37 9
36 37 9
10 38 9
11 38 9
35 38 9
11 39 9
35 39 9
11 40 9
12 40 9
34 40 9
12 41 9
33 41 9
34 41 9
12 42 9
13 42 9
33 42 9
13 43 9
32 43 9
33 43 9
14 44 9
31 44 9
32 44 9
15 45 9
16 45 9
30 45 9
31 45 9
16 46 9
17 46 9
29 46 9
30 46 9
17 47 9
18 47 9
19 47 9
27 47 9
28 47 9
29 47 9
18 48 9
19 48 9
20 48 9
21 48 9
22 48 9
23 48 9
24 48 9
25 48 9
26 48 9
27 48 9
22 49 9
23 49 9
20 0 10
21 0 10
22 0 10
23 0 10
24 0 10
25 0 10
18 1 10
19 1 10
20 1 10
26 1 10
27 1 10
16 2 10
17 2 10
18 2 10
28 2 10
29 2 10
15 3 10
16 3 10
29 3 10
30 3 10
15 4 10
31 4 10
14 5 10
32 5 10
13 6 10
32 6 10
33 6 10
12 7 10
13 7 10
33 7 10
12 8 10
34 8 10
11 9 10
34 9 10
10 10 10
11 10 10
35 10 10
10 11 10
11 11 10
35 11 10
36 11 10
10 12 10
36 12 10
9 13 10
10 13 10
36 13 10
9 14 10
36 14 10
37 14 10
9 15 10
37 15 10
9 16 10
37 16 10
8 17 10
9 17 10
37 17 10
8 18 10
37 18 10
8 19 10
37 19 10
38 19 10
8 20 10
38 20 10
8 21 10
38 21 10
7 22 10
8 22 10
38 22 10
7 23 10
8 23 10
38 23 10
7 24 10
38 24 10
39 24 10
7 25 10
38 25 10
7 26 10
8 26 10
38 26 10
7 27 10
8 27 10
38 27 10
8 28 10
38 28 10
8 29 10
38 29 10
8 30 10
37 30 10
38 30 10
8 31 10
37 31 10
38 31 10
8 32 10
9 32 10
37 32 10
9 33 10
37 33 10
9 34 10
37 34 10
9 35 10
36 35 10
9 36 10
10 36 10
36 36 10
10 37 10
36 37 10
10 38 10
11 38 10
35 38 10
36 38 10
10 39 10
35 39 10
11 40 10
34 40 10
12 41 10
34 41 10
12 42 10
33 42 10
34 42 10
13 43 10
32 43 10
33 43 10
14 44 10
32 44 10
15 45 10
31 45 10
15 46 10
16 46 10
29 46 10
30 46 10
17 47 10
18 47 10
28 47 10
29 47 10
18 48 10
19 48 10
20 48 10
25 48 10
26 48 10
27 48 10
28 48 10
20 49 10
21 49 10
22 49 10
23 49 10
24 49 10
25 49 10
19 0 11
20 0 11
21 0 11
22 0 11
23 0 11
24 0 11
25 0 11
26 0 11
17 1 11
18 1 11
19 1 11
20 1 11
26 1 11
27 1 11
28 1 11
16 2 11
17 2 11
29 2 11
30 2 11
15 3 11
16 3 11
30 3 11
31 3 11
14 4 11
15 4 11
31 4 11
32 4 11
13 5 11
14 5 11
32 5 11
12 6 11
13 6 11
33 6 11
12 7 11
33 7 11
34 7 11
11 8 11
12 8 11
34 8 11
11 9 11
34 9 11
35 9 11
10 10 11
35 10 11
10 11 11
36 11 11
9 12 11
10 12 11
36 12 11
9 13 11
36 13 11
9 14 11
37 14 11
9 15 11
37 15 11
8 16 11
9 16 11
37 16 11
8 17 11
37 17 11
8 18 11
38 18 11
8 19 11
38 19 11
8 20 11
38 20 11
8 21 11
38 21 11
39 21 11
7 22 11
8 22 11
38 22 11
39 22 11
6 23 11
7 23 11
38 23 11
39 23 11
40 23 11
6 24 11
7 24 11
39 24 11
6 25 11
7 25 11
39 25 11
40 25 11
6 26 11
7 26 11
38 26 11
39 26 11
7 27 11
8 27 11
38 27 11
39 27 11
8 28 11
38 28 11
39 28 11
8 29 11
38 29 11
8 30 11
38 30 11
8 31 11
38 31 11
8 32 11
37 32 11
38 32 11
8 33 11
9 33 11
37 33 11
9 34 11
37 34 11
9 35 11
37 35 11
9 36 11
36 36 11
9 37 11
10 37 11
36 37 11
10 38 11
36 38 11
10 39 11
11 39 11
35 39 11
11 40 11
34 40 11
35 40 11
11 41 11
12 41 11
34 41 11
12 42 11
33 42 11
34 42 11
12 43 11
13 43 11
33 43 11
13 44 11
14 44 11
32 44 11
14 45 11
15 45 11
31 45 11
32 45 11
15 46 11
16 46 11
30 46 11
31 46 11
16 47 11
17 47 11
29 47 11
30 47 11
18 48 11
19 48 11
20 48 11
26 48 11
27 48 11
28 48 11
20 49 11
21 49 11
22 49 11
23 49 11
24 49 11
25 49 11
26 49 11
19 0 12
20 0 12
21 0 12
22 0 12
23 0 12
24 0 12
25 0 12
26 0 12
27 0 12
17 1 12
18 1 12
19 1 12
27 1 12
28 1 12
29 1 12
16 2 12
17 2 12
29 2 12
30 2 12
15 3 12
30 3 12
31 3 12
14 4 12
31 4 12
32 4 12
13 5 12
32 5 12
33 5 12
12 6 12
13 6 12
33 6 12
11 7 12
12 7 12
34 7 12
11 8 12
34 8 12
35 8 12
11 9 12
35 9 12
10 10 12
35 10 12
10 11 12
36 11 12
9 12 12
10 12 12
36 12 12
9 13 12
36 13 12
9 14 12
37 14 12
8 15 12
9 15 12
37 15 12
8 16 12
37 16 12
8 17 12
37 17 12
38 17 12
8 18 12
38 18 12
8 19 12
38 19 12
8 20 12
38 20 12
39 20 12
7 21 12
8 21 12
39 21 12
5 22 12
6 22 12
7 22 12
8 22 12
39 22 12
40 22 12
5 23 12
6 23 12
39 23 12
40 23 12
5 24 12
40 24 12
5 25 12
40 25 12
5 26 12
6 26 12
39 26 12
40 26 12
5 27 12
6 27 12
7 27 12
8 27 12
39 27 12
40 27 12
7 28 12
8 28 12
39 28 12
8 29 12
38 29 12
39 29 12
8 30 12
38 30 12
8 31 12
38 31 12
8 32 12
37 32 12
38 32 12
8 33 12
37 33 12
8 34 12
9 34 12
37 34 12
9 35 12
37 35 12
9 36 12
36 36 12
9 37 12
10 37 12
36 37 12
10 38 12
36 38 12
10 39 12
35 39 12
10 40 12
11 40 12
35 40 12
11 41 12
34 41 12
35 41 12
11 42 12
12 42 12
34 42 12
12 43 12
13 43 12
33 43 12
13 44 12
32 44 12
33 44 12
14 45 12
31 45 12
32 45 12
15 46 12
16 46 12
30 46 12
31 46 12
16 47 12
17 47 12
29 47 12
30 47 12
17 48 12
18 48 12
27 48 12
28 48 12
29 48 12
19 49 12
20 49 12
21 49 12
22 49 12
23 49 12
24 49 12
25 49 12
26 49 12
27 49 12
19 0 13
20 0 13
21 0 13
22 0 13
23 0 13
24 0 13
25 0 13
26 0 13
27 0 13
17 1 13
18 1 13
27 1 13
28 1 13
29 1 13
16 2 13
29 2 13
30 2 13
14 3 13
15 3 13
30 3 13
31 3 13
14 4 13
31 4 13
32 4 13
13 5 13
33 5 13
12 6 13
33 6 13
12 7 13
34 7 13
11 8 13
34 8 13
35 8 13
10 9 13
11 9 13
35 9 13
10 10 13
35 10 13
36 10 13
10 11 13
36 11 13
9 12 13
36 12 13
9 13 13
36 13 13
37 13 13
9 14 13
37 14 13
8 15 13
9 15 13
37 15 13
8 16 13
37 16 13
8 17 13
37 17 13
38 17 13
8 18 13
38 18 13
8 19 13
38 19 13
39 19 13
8 20 13
38 20 13
39 20 13
40 20 13
7 21 13
8 21 13
40 21 13
5 22 13
6 22 13
7 22 13
41 22 13
4 23 13
5 23 13
7 23 13
40 23 13
41 23 13
4 24 13
5 24 13
41 24 13
4 25 13
5 25 13
41 25 13
5 26 13
7 26 13
40 26 13
41 26 13
5 27 13
6 27 13
7 27 13
40 27 13
41 27 13
7 28 13
8 28 13
39 28 13
40 28 13
8 29 13
38 29 13
39 29 13
8 30 13
38 30 13
8 31 13
38 31 13
8 32 13
38 32 13
8 33 13
37 33 13
8 34 13
9 34 13
37 34 13
9 35 13
37 35 13
9 36 13
36 36 13
37 36 13
9 37 13
36 37 13
10 38 13
36 38 13
10 39 13
35 39 13
36 39 13
10 40 13
35 40 13
11 41 13
34 41 13
35 41 13
12 42 13
34 42 13
12 43 13
33 43 13
13 44 13
33 44 13
14 45 13
32 45 13
15 46 13
30 46 13
31 46 13
15 47 13
16 47 13
29 47 13
30 47 13
17 48 13
18 48 13
27 48 13
28 48 13
29 48 13
19 49 13
20 49 13
21 49 13
22 49 13
23 49 13
24 49 13
25 49 13
26 49 13
27 49 13
18 0 14
19 0 14
20 0 14
21 0 14
22 0 14
23 0 14
24 0 14
25 0 14
26 0 14
27 0 14
17 1 14
18 1 14
28 1 14
29 1 14
15 2 14
16 2 14
29 2 14
30 2 14
14 3 14
15 3 14
30 3 14
31 3 14
14 4 14
31 4 14
32 4 14
13 5 14
32 5 14
33 5 14
12 6 14
33 6 14
34 6 14
11 7 14
12 7 14
34 7 14
11 8 14
34 8 14
35 8 14
10 9 14
11 9 14
35 9 14
10 10 14
35 10 14
36 10 14
10 11 14
36 11 14
9 12 14
36 12 14
9 13 14
37 13 14
9 14 14
37 14 14
8 15 14
37 15 14
8 16 14
37 16 14
8 17 14
38 17 14
8 18 14
38 18 14
8 19 14
38 19 14
39 19 14
8 20 14
39 20 14
40 20 14
7 21 14
40 21 14
41 21 14
4 22 14
5 22 14
6 22 14
7 22 14
41 22 14
4 23 14
6 23 14
7 23 14
41 23 14
42 23 14
4 24 14
7 24 14
41 24 14
42 24 14
4 25 14
7 25 14
41 25 14
42 25 14
4 26 14
6 26 14
7 26 14
41 26 14
42 26 14
4 27 14
5 27 14
6 27 14
7 27 14
41 27 14
7 28 14
40 28 14
41 28 14
8 29 14
39 29 14
40 29 14
8 30 14
38 30 14
39 30 14
8 31 14
38 31 14
8 32 14
38 32 14
8 33 14
37 33 14
8 34 14
9 34 14
37 34 14
9 35 14
37 35 14
9 36 14
37 36 14
9 37 14
36 37 14
10 38 14
36 38 14
10 39 14
35 39 14
36 39 14
10 40 14
11 40 14
35 40 14
11 41 14
34 41 14
35 41 14
11 42 14
12 42 14
34 42 14
12 43 14
33 43 14
34 43 14
13 44 14
32 44 14
33 44 14
14 45 14
31 45 14
32 45 14
14 46 14
15 46 14
30 46 14
31 46 14
16 47 14
29 47 14
30 47 14
17 48 14
18 48 14
27 48 14
28 48 14
29 48 14
18 49 14
19 49 14
20 49 14
21 49 14
22 49 14
23 49 14
24 49 14
25 49 14
26 49 14
27 49 14
19 0 15
20 0 15
21 0 15
22 0 15
23 0 15
24 0 15
25 0 15
26 0 15
17 1 15
18 1 15
27 1 15
28 1 15
16 2 15
29 2 15
30 2 15
14 3 15
15 3 15
31 3 15
14 4 15
32 4 15
13 5 15
33 5 15
12 6 15
33 6 15
12 7 15
34 7 15
11 8 15
34 8 15
35 8 15
10 9 15
11 9 15
35 9 15
10 10 15
36 10 15
10 11 15
36 11 15
9 12 15
36 12 15
9 13 15
37 13 15
9 14 15
37 14 15
8 15 15
9 15 15
37 15 15
8 16 15
37 16 15
8 17 15
38 17 15
8 18 15
38 18 15
8 19 15
38 19 15
39 19 15
40 19 15
8 20 15
40 20 15
41 20 15
7 21 15
41 21 15
42 21 15
3 22 15
4 22 15
5 22 15
6 22 15
7 22 15
42 22 15
3 23 15
4 23 15
6 23 15
7 23 15
42 23 15
3 24 15
6 24 15
7 24 15
42 24 15
3 25 15
6 25 15
7 25 15
42 25 15
3 26 15
4 26 15
6 26 15
7 26 15
42 26 15
3 27 15
4 27 15
5 27 15
6 27 15
7 27 15
42 27 15
7 28 15
41 28 15
8 29 15
41 29 15
8 30 15
38 30 15
39 30 15
40 30 15
8 31 15
38 31 15
8 32 15
38 32 15
8 33 15
37 33 15
8 34 15
37 34 15
9 35 15
37 35 15
9 36 15
36 36 15
37 36 15
9 37 15
10 37 15
36 37 15
10 38 15
36 38 15
10 39 15
35 39 15
36 39 15
10 40 15
11 40 15
35 40 15
11 41 15
34 41 15
35 41 15
12 42 15
34 42 15
12 43 15
33 43 15
13 44 15
33 44 15
14 45 15
31 45 15
32 45 15
15 46 15
30 46 15
31 46 15
16 47 15
29 47 15
30 47 15
17 48 15
18 48 15
28 48 15
29 48 15
19 49 15
20 49 15
21 49 15
22 49 15
23 49 15
24 49 15
25 49 15
26 49 15
27 49 15
19 0 16
20 0 16
21 0 16
22 0 16
23 0 16
24 0 16
25 0 16
26 0 16
27 0 16
17 1 16
18 1 16
27 1 16
28 1 16
29 1 16
16 2 16
29 2 16
30 2 16
15 3 16
16 3 16
30 3 16
31 3 16
14 4 16
31 4 16
32 4 16
13 5 16
32 5 16
33 5 16
12 6 16
13 6 16
33 6 16
11 7 16
12 7 16
34 7 16
11 8 16
34 8 16
35 8 16
11 9 16
35 9 16
10 10 16
35 10 16
36 10 16
10 11 16
36 11 16
9 12 16
10 12 16
36 12 16
9 13 16
36 13 16
37 13 16
9 14 16
37 14 16
8 15 16
9 15 16
37 15 16
8 16 16
37 16 16
8 17 16
37 17 16
38 17 16
8 18 16
38 18 16
8 19 16
39 19 16
40 19 16
41 19 16
8 20 16
41 20 16
7 21 16
42 21 16
3 22 16
4 22 16
5 22 16
7 22 16
42 22 16
3 23 16
5 23 16
6 23 16
7 23 16
42 23 16
2 24 16
3 24 16
5 24 16
6 24 16
7 24 16
42 24 16
2 25 16
3 25 16
5 25 16
6 25 16
7 25 16
42 25 16
3 26 16
5 26 16
6 26 16
7 26 16
42 26 16
3 27 16
4 27 16
5 27 16
7 27 16
42 27 16
7 28 16
8 28 16
41 28 16
42 28 16
8 29 16
41 29 16
8 30 16
39 30 16
40 30 16
41 30 16
8 31 16
38 31 16
8 32 16
38 32 16
8 33 16
37 33 16
8 34 16
9 34 16
37 34 16
9 35 16
37 35 16
9 36 16
37 36 16
9 37 16
36 37 16
10 38 16
36 38 16
10 39 16
35 39 16
36 39 16
10 40 16
11 40 16
35 40 16
11 41 16
34 41 16
35 41 16
11 42 16
12 42 16
34 42 16
12 43 16
13 43 16
33 43 16
13 44 16
32 44 16
33 44 16
14 45 16
31 45 16
32 45 16
15 46 16
30 46 16
31 46 16
16 47 16
29 47 16
30 47 16
17 48 16
18 48 16
27 48 16
28 48 16
29 48 16
19 49 16
20 49 16
21 49 16
22 49 16
23 49 16
24 49 16
25 49 16
26 49 16
27 49 16
19 0 17
20 0 17
21 0 17
22 0 17
23 0 17
24 0 17
25 0 17
26 0 17
17 1 17
18 1 17
27 1 17
28 1 17
16 2 17
29 2 17
15 3 17
30 3 17
31 3 17
14 4 17
32 4 17
13 5 17
32 5 17
33 5 17
12 6 17
13 6 17
33 6 17
12 7 17
34 7 17
11 8 17
34 8 17
35 8 17
10 9 17
35 9 17
10 10 17
35 10 17
10 11 17
36 11 17
9 12 17
36 12 17
9 13 17
36 13 17
37 13 17
9 14 17
37 14 17
8 15 17
9 15 17
37 15 17
8 16 17
37 16 17
8 17 17
38 17 17
8 18 17
38 18 17
39 18 17
8 19 17
38 19 17
39 19 17
40 19 17
41 19 17
8 20 17
41 20 17
42 20 17
8 21 17
42 21 17
3 22 17
4 22 17
7 22 17
8 22 17
42 22 17
2 23 17
4 23 17
5 23 17
7 23 17
42 23 17
43 23 17
2 24 17
5 24 17
7 24 17
42 24 17
43 24 17
2 25 17
5 25 17
7 25 17
43 25 17
2 26 17
5 26 17
7 26 17
42 26 17
43 26 17
3 27 17
4 27 17
5 27 17
7 27 17
8 27 17
42 27 17
8 28 17
42 28 17
8 29 17
41 29 17
42 29 17
8 30 17
40 30 17
41 30 17
8 31 17
38 31 17
39 31 17
8 32 17
37 32 17
8 33 17
37 33 17
8 34 17
9 34 17
37 34 17
9 35 17
37 35 17
9 36 17
36 36 17
37 36 17
9 37 17
10 37 17
36 37 17
10 38 17
36 38 17
10 39 17
35 39 17
36 39 17
11 40 17
35 40 17
11 41 17
34 41 17
35 41 17
12 42 17
34 42 17
12 43 17
33 43 17
13 44 17
32 44 17
33 44 17
14 45 17
31 45 17
32 45 17
15 46 17
16 46 17
30 46 17
16 47 17
29 47 17
17 48 17
18 48 17
28 48 17
29 48 17
19 49 17
20 49 17
21 49 17
22 49 17
23 49 17
24 49 17
25 49 17
26 49 17
27 49 17
19 0 18
20 0 18
21 0 18
22 0 18
23 0 18
24 0 18
25 0 18
26 0 18
17 1 18
18 1 18
19 1 18
27 1 18
28 1 18
16 2 18
17 2 18
28 2 18
29 2 18
30 2 18
15 3 18
16 3 18
30 3 18
31 3 18
14 4 18
15 4 18
31 4 18
32 4 18
13 5 18
14 5 18
32 5 18
33 5 18
12 6 18
13 6 18
33 6 18
12 7 18
34 7 18
11 8 18
12 8 18
34 8 18
35 8 18
11 9 18
35 9 18
10 10 18
35 10 18
10 11 18
36 11 18
9 12 18
10 12 18
36 12 18
9 13 18
36 13 18
9 14 18
37 14 18
9 15 18
37 15 18
8 16 18
37 16 18
8 17 18
37 17 18
8 18 18
38 18 18
8 19 18
38 19 18
39 19 18
40 19 18
41 19 18
8 20 18
41 20 18
42 20 18
8 21 18
42 21 18
43 21 18
2 22 18
3 22 18
4 22 18
8 22 18
42 22 18
43 22 18
2 23 18
4 23 18
7 23 18
8 23 18
43 23 18
2 24 18
4 24 18
5 24 18
7 24 18
8 24 18
43 24 18
2 25 18
4 25 18
5 25 18
7 25 18
8 25 18
43 25 18
2 26 18
4 26 18
7 26 18
8 26 18
43 26 18
2 27 18
3 27 18
4 27 18
8 27 18
43 27 18
8 28 18
42 28 18
8 29 18
41 29 18
42 29 18
8 30 18
38 30 18
39 30 18
40 30 18
41 30 18
8 31 18
38 31 18
8 32 18
37 32 18
38 32 18
8 33 18
37 33 18
9 34 18
37 34 18
9 35 18
37 35 18
9 36 18
36 36 18
9 37 18
10 37 18
36 37 18
10 38 18
36 38 18
10 39 18
11 39 18
35 39 18
11 40 18
35 40 18
11 41 18
12 41 18
34 41 18
35 41 18
12 42 18
34 42 18
12 43 18
13 43 18
33 43 18
13 44 18
14 44 18
32 44 18
33 44 18
14 45 18
15 45 18
31 45 18
32 45 18
15 46 18
30 46 18
31 46 18
16 47 18
17 47 18
29 47 18
30 47 18
18 48 18
19 48 18
26 48 18
27 48 18
28 48 18
20 49 18
21 49 18
22 49 18
23 49 18
24 49 18
25 49 18
26 49 18
20 0 19
21 0 19
22 0 19
23 0 19
24 0 19
25 0 19
18 1 19
19 1 19
20 1 19
26 1 19
27 1 19
28 1 19
16 2 19
17 2 19
28 2 19
29 2 19
15 3 19
16 3 19
30 3 19
31 3 19
14 4 19
15 4 19
31 4 19
32 4 19
13 5 19
14 5 19
32 5 19
12 6 19
13 6 19
33 6 19
12 7 19
33 7 19
34 7 19
11 8 19
12 8 19
34 8 19
11 9 19
34 9 19
35 9 19
10 10 19
11 10 19
35 10 19
10 11 19
36 11 19
10 12 19
36 12 19
9 13 19
36 13 19
9 14 19
37 14 19
9 15 19
37 15 19
8 16 19
9 16 19
37 16 19
8 17 19
37 17 19
8 18 19
37 18 19
38 18 19
8 19 19
38 19 19
39 19 19
40 19 19
41 19 19
42 19 19
8 20 19
42 20 19
8 21 19
42 21 19
43 21 19
2 22 19
3 22 19
8 22 19
43 22 19
1 23 19
3 23 19
4 23 19
8 23 19
43 23 19
1 24 19
4 24 19
8 24 19
43 24 19
1 25 19
4 25 19
8 25 19
43 25 19
1 26 19
2 26 19
3 26 19
4 26 19
8 26 19
43 26 19
2 27 19
3 27 19
8 27 19
43 27 19
8 28 19
42 28 19
43 28 19
8 29 19
42 29 19
8 30 19
38 30 19
39 30 19
40 30 19
41 30 19
8 31 19
37 31 19
38 31 19
8 32 19
37 32 19
8 33 19
9 33 19
37 33 19
9 34 19
37 34 19
9 35 19
37 35 19
9 36 19
36 36 19
10 37 19
36 37 19
10 38 19
36 38 19
10 39 19
35 39 19
11 40 19
34 40 19
35 40 19
11 41 19
12 41 19
34 41 19
12 42 19
33 42 19
34 42 19
12 43 19
13 43 19
33 43 19
13 44 19
14 44 19
32 44 19
14 45 19
15 45 19
31 45 19
15 46 19
16 46 19
30 46 19
31 46 19
16 47 19
17 47 19
28 47 19
29 47 19
17 48 19
18 48 19
19 48 19
20 48 19
26 48 19
27 48 19
28 48 19
20 49 19
21 49 19
22 49 19
23 49 19
24 49 19
25 49 19
26 49 19
21 0 20
22 0 20
23 0 20
24 0 20
25 0 20
18 1 20
19 1 20
20 1 20
26 1 20
27 1 20
17 2 20
18 2 20
28 2 20
29 2 20
16 3 20
29 3 20
30 3 20
31 3 20
15 4 20
31 4 20
14 5 20
32 5 20
13 6 20
33 6 20
13 7 20
33 7 20
34 7 20
12 8 20
34 8 20
11 9 20
34 9 20
10 10 20
35 10 20
10 11 20
35 11 20
36 11 20
10 12 20
36 12 20
9 13 20
36 13 20
9 14 20
36 14 20
9 15 20
37 15 20
9 16 20
37 16 20
8 17 20
9 17 20
37 17 20
8 18 20
37 18 20
8 19 20
38 19 20
39 19 20
40 19 20
41 19 20
42 19 20
8 20 20
38 20 20
42 20 20
43 20 20
8 21 20
43 21 20
1 22 20
2 22 20
3 22 20
8 22 20
43 22 20
1 23 20
3 23 20
8 23 20
43 23 20
1 24 20
3 24 20
4 24 20
8 24 20
43 24 20
1 25 20
3 25 20
4 25 20
8 25 20
43 25 20
1 26 20
3 26 20
8 26 20
43 26 20
1 27 20
2 27 20
3 27 20
8 27 20
43 27 20
8 28 20
43 28 20
8 29 20
38 29 20
39 29 20
42 29 20
8 30 20
38 30 20
39 30 20
40 30 20
41 30 20
42 30 20
8 31 20
37 31 20
38 31 20
8 32 20
9 32 20
37 32 20
9 33 20
37 33 20
9 34 20
37 34 20
9 35 20
36 35 20
37 35 20
9 36 20
10 36 20
36 36 20
10 37 20
36 37 20
10 38 20
35 38 20
36 38 20
10 39 20
11 39 20
35 39 20
11 40 20
34 40 20
35 40 20
12 41 20
34 41 20
12 42 20
13 42 20
33 42 20
13 43 20
33 43 20
13 44 20
14 44 20
32 44 20
15 45 20
31 45 20
15 46 20
16 46 20
30 46 20
16 47 20
17 47 20
28 47 20
29 47 20
18 48 20
19 48 20
20 48 20
25 48 20
26 48 20
27 48 20
21 49 20
22 49 20
23 49 20
24 49 20
21 0 21
22 0 21
23 0 21
24 0 21
18 1 21
19 1 21
20 1 21
21 1 21
22 1 21
24 1 21
25 1 21
26 1 21
27 1 21
17 2 21
18 2 21
28 2 21
29 2 21
16 3 21
29 3 21
30 3 21
15 4 21
30 4 21
31 4 21
14 5 21
31 5 21
32 5 21
13 6 21
32 6 21
33 6 21
12 7 21
13 7 21
33 7 21
12 8 21
34 8 21
11 9 21
34 9 21
35 9 21
11 10 21
35 10 21
10 11 21
11 11 21
35 11 21
36 11 21
10 12 21
35 12 21
36 12 21
9 13 21
10 13 21
36 13 21
9 14 21
36 14 21
9 15 21
37 15 21
9 16 21
37 16 21
9 17 21
37 17 21
8 18 21
37 18 21
8 19 21
37 19 21
40 19 21
41 19 21
42 19 21
8 20 21
37 20 21
38 20 21
39 20 21
40 20 21
42 20 21
43 20 21
8 21 21
38 21 21
43 21 21
1 22 21
2 22 21
3 22 21
8 22 21
43 22 21
1 23 21
3 23 21
8 23 21
43 23 21
0 24 21
3 24 21
8 24 21
43 24 21
44 24 21
0 25 21
3 25 21
8 25 21
43 25 21
1 26 21
3 26 21
8 26 21
43 26 21
1 27 21
2 27 21
3 27 21
8 27 21
43 27 21
8 28 21
38 28 21
43 28 21
8 29 21
37 29 21
38 29 21
39 29 21
40 29 21
42 29 21
43 29 21
8 30 21
37 30 21
40 30 21
41 30 21
42 30 21
8 31 21
37 31 21
8 32 21
9 32 21
37 32 21
9 33 21
37 33 21
9 34 21
37 34 21
9 35 21
36 35 21
9 36 21
10 36 21
36 36 21
10 37 21
35 37 21
36 37 21
10 38 21
11 38 21
35 38 21
11 39 21
35 39 21
11 40 21
34 40 21
12 41 21
34 41 21
12 42 21
13 42 21
33 42 21
13 43 21
32 43 21
33 43 21
14 44 21
31 44 21
32 44 21
15 45 21
30 45 21
31 45 21
16 46 21
29 46 21
30 46 21
17 47 21
18 47 21
28 47 21
29 47 21
18 48 21
19 48 21
20 48 21
21 48 21
22 48 21
24 48 21
25 48 21
26 48 21
27 48 21
21 49 21
22 49 21
23 49 21
24 49 21
25 49 21
19 1 22
20 1 22
21 1 22
22 1 22
23 1 22
24 1 22
25 1 22
26 1 22
18 2 22
19 2 22
27 2 22
28 2 22
16 3 22
17 3 22
29 3 22
30 3 22
15 4 22
31 4 22
14 5 22
32 5 22
13 6 22
32 6 22
13 7 22
33 7 22
12 8 22
33 8 22
34 8 22
11 9 22
34 9 22
35 10 22
10 11 22
11 11 22
35 11 22
10 12 22
36 12 22
10 13 22
36 13 22
9 14 22
36 14 22
9 15 22
36 15 22
37 15 22
9 16 22
37 16 22
9 17 22
37 17 22
8 18 22
9 18 22
37 18 22
8 19 22
37 19 22
41 19 22
42 19 22
8 20 22
37 20 22
39 20 22
40 20 22
41 20 22
42 20 22
43 20 22
8 21 22
38 21 22
39 21 22
40 21 22
43 21 22
1 22 22
2 22 22
8 22 22
38 22 22
43 22 22
0 23 22
3 23 22
8 23 22
38 23 22
43 23 22
44 23 22
0 24 22
3 24 22
8 24 22
38 24 22
44 24 22
0 25 22
3 25 22
8 25 22
38 25 22
43 25 22
44 25 22
0 26 22
1 26 22
2 26 22
3 26 22
8 26 22
38 26 22
43 26 22
1 27 22
2 27 22
8 27 22
38 27 22
43 27 22
8 28 22
37 28 22
38 28 22
39 28 22
40 28 22
43 28 22
8 29 22
37 29 22
40 29 22
41 29 22
42 29 22
43 29 22
8 30 22
37 30 22
41 30 22
8 31 22
9 31 22
37 31 22
9 32 22
37 32 22
9 33 22
37 33 22
9 34 22
36 34 22
37 34 22
9 35 22
10 35 22
36 35 22
10 36 22
36 36 22
10 37 22
35 37 22
36 37 22
10 38 22
11 38 22
35 38 22
11 39 22
11 40 22
34 40 22
12 41 22
34 41 22
13 42 22
33 42 22
13 43 22
14 43 22
32 43 22
14 44 22
31 44 22
15 45 22
31 45 22
16 46 22
29 46 22
30 46 22
17 47 22
18 47 22
27 47 22
28 47 22
19 48 22
20 48 22
21 48 22
22 48 22
23 48 22
24 48 22
25 48 22
26 48 22
19 1 23
20 1 23
21 1 23
22 1 23
23 1 23
24 1 23
25 1 23
26 1 23
17 2 23
18 2 23
19 2 23
27 2 23
28 2 23
16 3 23
17 3 23
29 3 23
30 3 23
15 4 23
16 4 23
30 4 23
31 4 23
14 5 23
15 5 23
31 5 23
13 6 23
14 6 23
32 6 23
13 7 23
32 7 23
33 7 23
12 8 23
33 8 23
34 8 23
11 9 23
12 9 23
34 9 23
11 10 23
34 10 23
35 10 23
11 11 23
35 11 23
10 12 23
11 12 23
35 12 23
10 13 23
36 13 23
9 14 23
10 14 23
36 14 23
9 15 23
36 15 23
9 16 23
37 16 23
9 17 23
37 17 23
9 18 23
37 18 23
8 19 23
9 19 23
37 19 23
8 20 23
37 20 23
40 20 23
41 20 23
42 20 23
43 20 23
8 21 23
37 21 23
39 21 23
40 21 23
43 21 23
0 22 23
1 22 23
2 22 23
8 22 23
37 22 23
39 22 23
43 22 23
44 22 23
0 23 23
2 23 23
8 23 23
37 23 23
38 23 23
39 23 23
44 23 23
0 24 23
2 24 23
3 24 23
8 24 23
37 24 23
38 24 23
39 24 23
44 24 23
0 25 23
2 25 23
3 25 23
8 25 23
37 25 23
38 25 23
39 25 23
44 25 23
0 26 23
2 26 23
3 26 23
8 26 23
37 26 23
38 26 23
39 26 23
44 26 23
0 27 23
1 27 23
2 27 23
8 27 23
37 27 23
39 27 23
44 27 23
8 28 23
37 28 23
39 28 23
40 28 23
43 28 23
8 29 23
37 29 23
40 29 23
41 29 23
42 29 23
43 29 23
8 30 23
9 30 23
37 30 23
9 31 23
37 31 23
9 32 23
37 32 23
9 33 23
36 33 23
37 33 23
9 34 23
36 34 23
9 35 23
10 35 23
36 35 23
10 36 23
36 36 23
10 37 23
11 37 23
35 37 23
11 38 23
35 38 23
11 39 23
34 39 23
35 39 23
11 40 23
12 40 23
34 40 23
12 41 23
13 41 23
33 41 23
34 41 23
13 42 23
32 42 23
33 42 23
13 43 23
14 43 23
32 43 23
14 44 23
15 44 23
31 44 23
32 44 23
15 45 23
16 45 23
30 45 23
31 45 23
16 46 23
17 46 23
29 46 23
18 47 23
19 47 23
27 47 23
28 47 23
19 48 23
20 48 23
21 48 23
22 48 23
23 48 23
24 48 23
25 48 23
26 48 23
21 1 24
22 1 24
23 1 24
24 1 24
25 1 24
19 2 24
20 2 24
25 2 24
26 2 24
27 2 24
17 3 24
18 3 24
28 3 24
29 3 24
16 4 24
30 4 24
14 5 24
15 5 24
31 5 24
14 6 24
32 6 24
13 7 24
32 7 24
33 7 24
33 8 24
12 9 24
34 9 24
34 10 24
35 10 24
11 11 24
35 11 24
11 12 24
35 12 24
10 13 24
35 13 24
36 13 24
10 14 24
36 14 24
9 15 24
10 15 24
36 15 24
9 16 24
36 16 24
9 17 24
36 17 24
37 17 24
9 18 24
37 18 24
9 19 24
37 19 24
8 20 24
9 20 24
37 20 24
41 20 24
42 20 24
43 20 24
8 21 24
37 21 24
40 21 24
41 21 24
43 21 24
0 22 24
1 22 24
2 22 24
8 22 24
37 22 24
40 22 24
44 22 24
0 23 24
2 23 24
8 23 24
37 23 24
40 23 24
44 23 24
0 24 24
2 24 24
8 24 24
37 24 24
40 24 24
44 24 24
0 25 24
2 25 24
8 25 24
37 25 24
40 25 24
44 25 24
0 26 24
2 26 24
8 26 24
37 26 24
40 26 24
44 26 24
0 27 24
1 27 24
2 27 24
8 27 24
37 27 24
40 27 24
43 27 24
44 27 24
8 28 24
9 28 24
37 28 24
40 28 24
41 28 24
43 28 24
9 29 24
37 29 24
41 29 24
42 29 24
43 29 24
9 30 24
37 30 24
9 31 24
37 31 24
9 32 24
36 32 24
37 32 24
9 33 24
36 33 24
9 34 24
10 34 24
36 34 24
10 35 24
36 35 24
10 36 24
35 36 24
11 37 24
35 37 24
11 38 24
35 38 24
11 39 24
12 40 24
34 40 24
12 41 24
13 42 24
33 42 24
13 43 24
14 43 24
32 43 24
14 44 24
15 44 24
31 44 24
16 45 24
30 45 24
17 46 24
28 46 24
29 46 24
18 47 24
19 47 24
20 47 24
26 47 24
27 47 24
20 48 24
21 48 24
22 48 24
23 48 24
24 48 24
25 48 24
21 1 25
22 1 25
23 1 25
24 1 25
18 2 25
19 2 25
20 2 25
21 2 25
22 2 25
24 2 25
25 2 25
26 2 25
27 2 25
17 3 25
18 3 25
28 3 25
29 3 25
16 4 25
17 4 25
29 4 25
30 4 25
15 5 25
16 5 25
30 5 25
31 5 25
14 6 25
31 6 25
32 6 25
13 7 25
14 7 25
32 7 25
33 7 25
13 8 25
33 8 25
12 9 25
33 9 25
34 9 25
11 10 25
12 10 25
34 10 25
11 11 25
34 11 25
35 11 25
11 12 25
35 12 25
10 13 25
35 13 25
10 14 25
35 14 25
36 14 25
10 15 25
36 15 25
9 16 25
36 16 25
9 17 25
36 17 25
37 17 25
9 18 25
37 18 25
9 19 25
37 19 25
9 20 25
37 20 25
41 20 25
42 20 25
43 20 25
9 21 25
37 21 25
41 21 25
42 21 25
43 21 25
44 21 25
0 22 25
1 22 25
2 22 25
8 22 25
9 22 25
37 22 25
41 22 25
44 22 25
0 23 25
2 23 25
8 23 25
9 23 25
37 23 25
40 23 25
41 23 25
44 23 25
0 24 25
2 24 25
8 24 25
9 24 25
37 24 25
40 24 25
44 24 25
0 25 25
2 25 25
8 25 25
9 25 25
37 25 25
40 25 25
44 25 25
0 26 25
2 26 25
8 26 25
9 26 25
37 26 25
40 26 25
41 26 25
44 26 25
0 27 25
1 27 25
2 27 25
9 27 25
37 27 25
41 27 25
44 27 25
9 28 25
37 28 25
41 28 25
43 28 25
9 29 25
37 29 25
42 29 25
43 29 25
9 30 25
37 30 25
9 31 25
37 31 25
9 32 25
36 32 25
37 32 25
9 33 25
36 33 25
10 34 25
36 34 25
10 35 25
35 35 25
36 35 25
10 36 25
35 36 25
11 37 25
35 37 25
11 38 25
34 38 25
35 38 25
11 39 25
12 39 25
34 39 25
12 40 25
33 40 25
34 40 25
13 41 25
33 41 25
13 42 25
14 42 25
32 42 25
14 43 25
31 43 25
32 43 25
15 44 25
16 44 25
30 44 25
31 44 25
16 45 25
29 45 25
30 45 25
17 46 25
18 46 25
28 46 25
29 46 25
19 47 25
20 47 25
21 47 25
22 47 25
24 47 25
25 47 25
26 47 25
27 47 25
21 48 25
22 48 25
23 48 25
24 48 25
25 48 25
20 2 26
21 2 26
22 2 26
23 2 26
24 2 26
25 2 26
26 2 26
18 3 26
19 3 26
27 3 26
28 3 26
16 4 26
17 4 26
29 4 26
30 4 26
15 5 26
30 5 26
31 5 26
15 6 26
31 6 26
32 6 26
14 7 26
32 7 26
13 8 26
33 8 26
12 9 26
33 9 26
12 10 26
34 10 26
11 11 26
34 11 26
11 12 26
34 12 26
35 12 26
35 13 26
10 14 26
35 14 26
10 15 26
36 15 26
10 16 26
36 16 26
9 17 26
36 17 26
9 18 26
36 18 26
37 18 26
9 19 26
37 19 26
9 20 26
37 20 26
42 20 26
43 20 26
9 21 26
37 21 26
41 21 26
42 21 26
43 21 26
44 21 26
0 22 26
1 22 26
2 22 26
9 22 26
37 22 26
41 22 26
44 22 26
0 23 26
2 23 26
9 23 26
37 23 26
41 23 26
44 23 26
0 24 26
2 24 26
9 24 26
37 24 26
41 24 26
44 24 26
0 25 26
2 25 26
9 25 26
37 25 26
41 25 26
44 25 26
0 26 26
2 26 26
9 26 26
37 26 26
41 26 26
44 26 26
0 27 26
1 27 26
2 27 26
9 27 26
37 27 26
41 27 26
44 27 26
9 28 26
37 28 26
42 28 26
43 28 26
44 28 26
9 29 26
37 29 26
42 29 26
43 29 26
9 30 26
36 30 26
37 30 26
9 31 26
36 31 26
37 31 26
9 32 26
36 32 26
10 33 26
36 33 26
10 34 26
36 34 26
10 35 26
35 35 26
10 36 26
11 36 26
11 37 26
35 37 26
11 38 26
12 38 26
34 38 26
12 39 26
34 39 26
12 40 26
33 40 26
13 41 26
32 41 26
14 42 26
32 42 26
14 43 26
31 43 26
15 44 26
30 44 26
16 45 26
17 45 26
29 45 26
30 45 26
18 46 26
27 46 26
28 46 26
19 47 26
20 47 26
21 47 26
22 47 26
23 47 26
24 47 26
25 47 26
26 47 26
20 2 27
21 2 27
22 2 27
23 2 27
24 2 27
25 2 27
26 2 27
18 3 27
19 3 27
20 3 27
26 3 27
27 3 27
28 3 27
17 4 27
28 4 27
29 4 27
15 5 27
16 5 27
30 5 27
14 6 27
15 6 27
31 6 27
14 7 27
31 7 27
32 7 27
13 8 27
14 8 27
32 8 27
33 8 27
12 9 27
13 9 27
33 9 27
12 10 27
33 10 27
34 10 27
11 11 27
12 11 27
34 11 27
11 12 27
34 12 27
35 12 27
11 13 27
35 13 27
10 14 27
11 14 27
35 14 27
10 15 27
35 15 27
36 15 27
10 16 27
36 16 27
9 17 27
10 17 27
36 17 27
9 18 27
10 18 27
36 18 27
9 19 27
36 19 27
9 20 27
37 20 27
9 21 27
37 21 27
42 21 27
43 21 27
44 21 27
0 22 27
1 22 27
2 22 27
9 22 27
37 22 27
41 22 27
42 22 27
44 22 27
0 23 27
2 23 27
9 23 27
37 23 27
41 23 27
44 23 27
0 24 27
2 24 27
9 24 27
37 24 27
41 24 27
44 24 27
0 25 27
2 25 27
9 25 27
37 25 27
41 25 27
44 25 27
0 26 27
2 26 27
9 26 27
37 26 27
41 26 27
44 26 27
0 27 27
1 27 27
2 27 27
9 27 27
37 27 27
41 27 27
44 27 27
9 28 27
37 28 27
42 28 27
43 28 27
44 28 27
9 29 27
37 29 27
9 30 27
36 30 27
9 31 27
10 31 27
36 31 27
10 32 27
36 32 27
10 33 27
36 33 27
10 34 27
35 34 27
36 34 27
10 35 27
11 35 27
35 35 27
11 36 27
35 36 27
11 37 27
34 37 27
35 37 27
11 38 27
12 38 27
34 38 27
12 39 27
33 39 27
34 39 27
12 40 27
13 40 27
33 40 27
13 41 27
14 41 27
32 41 27
33 41 27
14 42 27
31 42 27
32 42 27
15 43 27
31 43 27
15 44 27
16 44 27
30 44 27
16 45 27
17 45 27
28 45 27
29 45 27
18 46 27
19 46 27
20 46 27
26 46 27
27 46 27
28 46 27
20 47 27
21 47 27
22 47 27
23 47 27
24 47 27
25 47 27
21 2 28
22 2 28
23 2 28
24 2 28
19 3 28
20 3 28
21 3 28
25 3 28
26 3 28
27 3 28
17 4 28
18 4 28
28 4 28
29 4 28
16 5 28
30 5 28
15 6 28
16 6 28
30 6 28
31 6 28
14 7 28
31 7 28
32 7 28
13 8 28
32 8 28
13 9 28
33 9 28
12 10 28
33 10 28
34 11 28
11 12 28
12 12 28
34 12 28
35 13 28
11 14 28
35 14 28
10 15 28
35 15 28
10 16 28
36 16 28
10 17 28
36 17 28
9 18 28
10 18 28
36 18 28
9 19 28
36 19 28
9 20 28
36 20 28
9 21 28
36 21 28
37 21 28
42 21 28
43 21 28
44 21 28
0 22 28
1 22 28
9 22 28
36 22 28
37 22 28
42 22 28
44 22 28
0 23 28
2 23 28
9 23 28
36 23 28
37 23 28
41 23 28
44 23 28
0 24 28
2 24 28
9 24 28
37 24 28
41 24 28
44 24 28
45 24 28
0 25 28
2 25 28
9 25 28
37 25 28
41 25 28
44 25 28
45 25 28
0 26 28
2 26 28
9 26 28
36 26 28
37 26 28
41 26 28
44 26 28
0 27 28
1 27 28
2 27 28
9 27 28
36 27 28
37 27 28
42 27 28
44 27 28
9 28 28
36 28 28
37 28 28
42 28 28
43 28 28
44 28 28
9 29 28
36 29 28
9 30 28
10 30 28
36 30 28
9 31 28
36 31 28
10 32 28
36 32 28
10 33 28
36 33 28
10 34 28
35 34 28
11 35 28
35 35 28
11 36 28
11 37 28
12 37 28
34 37 28
12 38 28
12 39 28
13 39 28
33 39 28
13 40 28
33 40 28
13 41 28
14 41 28
32 41 28
14 42 28
32 42 28
15 43 28
30 43 28
31 43 28
16 44 28
29 44 28
17 45 28
18 45 28
28 45 28
19 46 28
20 46 28
25 46 28
26 46 28
27 46 28
21 47 28
22 47 28
23 47 28
24 47 28
19 3 29
20 3 29
21 3 29
22 3 29
23 3 29
24 3 29
25 3 29
26 3 29
27 3 29
18 4 29
19 4 29
26 4 29
27 4 29
28 4 29
16 5 29
17 5 29
29 5 29
15 6 29
16 6 29
30 6 29
31 6 29
14 7 29
15 7 29
31 7 29
14 8 29
32 8 29
13 9 29
32 9 29
33 9 29
12 10 29
13 10 29
33 10 29
12 11 29
33 11 29
34 11 29
12 12 29
34 12 29
11 13 29
34 13 29
35 13 29
11 14 29
35 14 29
10 15 29
11 15 29
35 15 29
10 16 29
35 16 29
10 17 29
35 17 29
36 17 29
10 18 29
36 18 29
10 19 29
36 19 29
9 20 29
10 20 29
36 20 29
9 21 29
10 21 29
36 21 29
42 21 29
43 21 29
44 21 29
0 22 29
1 22 29
2 22 29
9 22 29
36 22 29
42 22 29
44 22 29
0 23 29
2 23 29
9 23 29
36 23 29
42 23 29
44 23 29
45 23 29
0 24 29
2 24 29
9 24 29
36 24 29
41 24 29
42 24 29
45 24 29
0 25 29
2 25 29
9 25 29
36 25 29
42 25 29
45 25 29
0 26 29
2 26 29
9 26 29
36 26 29
42 26 29
44 26 29
45 26 29
0 27 29
1 27 29
2 27 29
9 27 29
36 27 29
42 27 29
44 27 29
9 28 29
10 28 29
36 28 29
42 28 29
43 28 29
44 28 29
10 29 29
36 29 29
10 30 29
36 30 29
10 31 29
36 31 29
10 32 29
35 32 29
36 32 29
10 33 29
35 33 29
10 34 29
11 34 29
35 34 29
11 35 29
35 35 29
11 36 29
34 36 29
35 36 29
11 37 29
12 37 29
34 37 29
12 38 29
33 38 29
34 38 29
12 39 29
13 39 29
33 39 29
13 40 29
32 40 29
33 40 29
14 41 29
32 41 29
14 42 29
15 42 29
31 42 29
15 43 29
16 43 29
30 43 29
16 44 29
17 44 29
29 44 29
30 44 29
17 45 29
18 45 29
19 45 29
26 45 29
27 45 29
28 45 29
19 46 29
20 46 29
21 46 29
22 46 29
23 46 29
24 46 29
25 46 29
26 46 29
21 3 30
22 3 30
23 3 30
24 3 30
25 3 30
18 4 30
19 4 30
20 4 30
26 4 30
27 4 30
17 5 30
28 5 30
29 5 30
16 6 30
29 6 30
30 6 30
15 7 30
31 7 30
14 8 30
31 8 30
32 8 30
14 9 30
32 9 30
33 9 30
13 10 30
33 10 30
13 11 30
33 11 30
34 11 30
12 12 30
34 12 30
12 13 30
34 13 30
11 14 30
34 14 30
35 14 30
11 15 30
35 15 30
10 16 30
35 16 30
10 17 30
35 17 30
10 18 30
36 18 30
10 19 30
36 19 30
10 20 30
36 20 30
10 21 30
36 21 30
42 21 30
43 21 30
44 21 30
0 22 30
1 22 30
2 22 30
10 22 30
36 22 30
42 22 30
44 22 30
0 23 30
2 23 30
9 23 30
10 23 30
36 23 30
42 23 30
44 23 30
45 23 30
0 24 30
2 24 30
9 24 30
36 24 30
42 24 30
45 24 30
0 25 30
2 25 30
9 25 30
36 25 30
45 25 30
0 26 30
2 26 30
9 26 30
10 26 30
36 26 30
42 26 30
45 26 30
0 27 30
1 27 30
2 27 30
9 27 30
10 27 30
36 27 30
42 27 30
44 27 30
10 28 30
36 28 30
42 28 30
43 28 30
44 28 30
10 29 30
36 29 30
10 30 30
36 30 30
10 31 30
35 31 30
36 31 30
10 32 30
35 32 30
10 33 30
35 33 30
11 34 30
35 34 30
11 35 30
35 35 30
12 36 30
34 36 30
12 37 30
34 37 30
12 38 30
33 38 30
13 39 30
33 39 30
13 40 30
14 40 30
32 40 30
14 41 30
31 41 30
14 42 30
15 42 30
31 42 30
16 43 30
29 43 30
30 43 30
17 44 30
18 44 30
28 44 30
29 44 30
19 45 30
26 45 30
27 45 30
28 45 30
20 46 30
21 46 30
22 46 30
23 46 30
24 46 30
25 46 30
21 3 31
22 3 31
23 3 31
24 3 31
25 3 31
19 4 31
20 4 31
21 4 31
22 4 31
24 4 31
25 4 31
26 4 31
27 4 31
17 5 31
18 5 31
19 5 31
27 5 31
28 5 31
16 6 31
17 6 31
29 6 31
30 6 31
15 7 31
16 7 31
30 7 31
14 8 31
15 8 31
31 8 31
14 9 31
31 9 31
32 9 31
13 10 31
14 10 31
32 10 31
33 10 31
13 11 31
33 11 31
12 12 31
33 12 31
34 12 31
12 13 31
34 13 31
11 14 31
34 14 31
11 15 31
34 15 31
35 15 31
11 16 31
35 16 31
10 17 31
11 17 31
35 17 31
10 18 31
35 18 31
10 19 31
35 19 31
36 19 31
10 20 31
36 20 31
10 21 31
36 21 31
43 21 31
44 21 31
0 22 31
1 22 31
2 22 31
3 22 31
10 22 31
36 22 31
42 22 31
43 22 31
44 22 31
45 22 31
0 23 31
3 23 31
10 23 31
36 23 31
42 23 31
45 23 31
0 24 31
3 24 31
4 24 31
5 24 31
10 24 31
36 24 31
42 24 31
45 24 31
0 25 31
3 25 31
4 25 31
10 25 31
36 25 31
42 25 31
45 25 31
0 26 31
3 26 31
10 26 31
36 26 31
42 26 31
45 26 31
0 27 31
1 27 31
2 27 31
3 27 31
10 27 31
36 27 31
42 27 31
43 27 31
44 27 31
45 27 31
10 28 31
36 28 31
43 28 31
44 28 31
10 29 31
36 29 31
10 30 31
35 30 31
36 30 31
10 31 31
35 31 31
10 32 31
11 32 31
35 32 31
11 33 31
35 33 31
11 34 31
34 34 31
35 34 31
11 35 31
34 35 31
12 36 31
34 36 31
12 37 31
33 37 31
34 37 31
13 38 31
33 38 31
13 39 31
14 39 31
32 39 31
33 39 31
14 40 31
31 40 31
32 40 31
14 41 31
15 41 31
31 41 31
15 42 31
30 42 31
31 42 31
16 43 31
17 43 31
29 43 31
17 44 31
18 44 31
19 44 31
27 44 31
28 44 31
29 44 31
19 45 31
20 45 31
21 45 31
22 45 31
24 45 31
25 45 31
26 45 31
27 45 31
21 46 31
22 46 31
23 46 31
24 46 31
20 4 32
21 4 32
22 4 32
23 4 32
24 4 32
25 4 32
26 4 32
18 5 32
19 5 32
27 5 32
28 5 32
17 6 32
28 6 32
29 6 32
30 6 32
15 7 32
16 7 32
30 7 32
15 8 32
30 8 32
31 8 32
14 9 32
31 9 32
32 9 32
13 10 32
32 10 32
13 11 32
32 11 32
33 11 32
12 12 32
33 12 32
12 13 32
33 13 32
34 13 32
12 14 32
34 14 32
11 15 32
34 15 32
11 16 32
35 16 32
11 17 32
35 17 32
10 18 32
11 18 32
35 18 32
10 19 32
35 19 32
10 20 32
35 20 32
10 21 32
36 21 32
43 21 32
44 21 32
0 22 32
1 22 32
2 22 32
3 22 32
4 22 32
5 22 32
6 22 32
7 22 32
8 22 32
9 22 32
10 22 32
36 22 32
42 22 32
43 22 32
44 22 32
45 22 32
0 23 32
4 23 32
5 23 32
6 23 32
7 23 32
8 23 32
9 23 32
10 23 32
36 23 32
42 23 32
45 23 32
0 24 32
5 24 32
6 24 32
7 24 32
8 24 32
9 24 32
10 24 32
36 24 32
42 24 32
45 24 32
0 25 32
5 25 32
6 25 32
7 25 32
8 25 32
9 25 32
10 25 32
36 25 32
42 25 32
45 25 32
0 26 32
4 26 32
5 26 32
6 26 32
7 26 32
8 26 32
9 26 32
10 26 32
36 26 32
42 26 32
45 26 32
1 27 32
2 27 32
3 27 32
4 27 32
5 27 32
6 27 32
7 27 32
8 27 32
9 27 32
10 27 32
36 27 32
42 27 32
43 27 32
44 27 32
45 27 32
10 28 32
35 28 32
36 28 32
43 28 32
10 29 32
35 29 32
10 30 32
35 30 32
11 31 32
35 31 32
11 32 32
35 32 32
11 33 32
35 33 32
11 34 32
34 34 32
11 35 32
12 35 32
34 35 32
12 36 32
34 36 32
12 37 32
33 37 32
13 38 32
33 38 32
13 39 32
32 39 32
14 40 32
32 40 32
15 41 32
30 41 32
31 41 32
16 42 32
30 42 32
16 43 32
17 43 32
29 43 32
18 44 32
19 44 32
26 44 32
27 44 32
28 44 32
20 45 32
21 45 32
22 45 32
23 45 32
24 45 32
25 45 32
26 45 32
20 4 33
21 4 33
22 4 33
23 4 33
24 4 33
25 4 33
26 4 33
18 5 33
19 5 33
26 5 33
27 5 33
17 6 33
28 6 33
29 6 33
16 7 33
30 7 33
15 8 33
30 8 33
31 8 33
15 9 33
31 9 33
14 10 33
32 10 33
13 11 33
33 11 33
33 12 33
12 13 33
34 13 33
12 14 33
34 14 33
11 15 33
12 15 33
34 15 33
11 16 33
34 16 33
35 16 33
11 17 33
35 17 33
11 18 33
35 18 33
35 19 33
10 20 33
35 20 33
10 21 33
35 21 33
1 22 33
2 22 33
3 22 33
4 22 33
5 22 33
6 22 33
7 22 33
8 22 33
9 22 33
10 22 33
35 22 33
43 22 33
44 22 33
45 22 33
1 23 33
35 23 33
36 23 33
42 23 33
43 23 33
45 23 33
46 23 33
0 24 33
1 24 33
35 24 33
36 24 33
42 24 33
46 24 33
0 25 33
1 25 33
36 25 33
42 25 33
46 25 33
1 26 33
35 26 33
36 26 33
42 26 33
45 26 33
46 26 33
1 27 33
2 27 33
3 27 33
4 27 33
5 27 33
6 27 33
7 27 33
8 27 33
9 27 33
10 27 33
35 27 33
36 27 33
43 27 33
44 27 33
45 27 33
10 28 33
35 28 33
10 29 33
35 29 33
10 30 33
11 30 33
35 30 33
11 31 33
35 31 33
11 32 33
35 32 33
11 33 33
34 33 33
35 33 33
11 34 33
12 34 33
34 34 33
12 35 33
34 35 33
12 36 33
33 36 33
12 37 33
13 37 33
13 38 33
32 38 33
33 38 33
13 39 33
14 39 33
32 39 33
14 40 33
15 40 33
31 40 33
15 41 33
30 41 33
16 42 33
29 42 33
30 42 33
17 43 33
18 43 33
28 43 33
18 44 33
19 44 33
20 44 33
26 44 33
27 44 33
28 44 33
20 45 33
21 45 33
22 45 33
23 45 33
24 45 33
25 45 33
21 4 34
22 4 34
23 4 34
24 4 34
25 4 34
19 5 34
20 5 34
21 5 34
22 5 34
23 5 34
24 5 34
25 5 34
26 5 34
27 5 34
17 6 34
18 6 34
28 6 34
29 6 34
16 7 34
17 7 34
29 7 34
15 8 34
16 8 34
30 8 34
31 8 34
14 9 34
15 9 34
31 9 34
14 10 34
31 10 34
32 10 34
13 11 34
14 11 34
32 11 34
13 12 34
32 12 34
33 12 34
12 13 34
13 13 34
33 13 34
12 14 34
33 14 34
34 14 34
12 15 34
34 15 34
11 16 34
12 16 34
34 16 34
11 17 34
34 17 34
35 17 34
11 18 34
34 18 34
35 18 34
11 19 34
35 19 34
11 20 34
35 20 34
10 21 34
11 21 34
35 21 34
3 22 34
4 22 34
5 22 34
6 22 34
7 22 34
8 22 34
9 22 34
10 22 34
35 22 34
43 22 34
44 22 34
45 22 34
2 23 34
3 23 34
35 23 34
43 23 34
45 23 34
46 23 34
1 24 34
2 24 34
35 24 34
42 24 34
43 24 34
46 24 34
1 25 34
2 25 34
35 25 34
42 25 34
43 25 34
46 25 34
1 26 34
2 26 34
3 26 34
4 26 34
35 26 34
43 26 34
45 26 34
46 26 34
2 27 34
3 27 34
4 27 34
5 27 34
6 27 34
7 27 34
8 27 34
9 27 34
10 27 34
35 27 34
43 27 34
44 27 34
45 27 34
10 28 34
11 28 34
35 28 34
11 29 34
35 29 34
11 30 34
35 30 34
11 31 34
35 31 34
11 32 34
34 32 34
35 32 34
11 33 34
12 33 34
34 33 34
12 34 34
34 34 34
12 35 34
33 35 34
34 35 34
12 36 34
13 36 34
33 36 34
13 37 34
32 37 34
33 37 34
13 38 34
14 38 34
32 38 34
14 39 34
31 39 34
32 39 34
14 40 34
15 40 34
31 40 34
15 41 34
16 41 34
30 41 34
31 41 34
16 42 34
17 42 34
29 42 34
17 43 34
18 43 34
27 43 34
28 43 34
29 43 34
19 44 34
20 44 34
21 44 34
22 44 34
24 44 34
25 44 34
26 44 34
27 44 34
21 45 34
22 45 34
23 45 34
24 45 34
25 45 34
20 5 35
21 5 35
22 5 35
23 5 35
24 5 35
25 5 35
26 5 35
18 6 35
19 6 35
27 6 35
28 6 35
17 7 35
18 7 35
29 7 35
16 8 35
29 8 35
30 8 35
15 9 35
31 9 35
14 10 35
31 10 35
14 11 35
32 11 35
13 12 35
32 12 35
13 13 35
33 13 35
12 14 35
33 14 35
12 15 35
34 15 35
12 16 35
34 16 35
34 17 35
11 18 35
34 18 35
35 18 35
11 19 35
35 19 35
11 20 35
35 20 35
11 21 35
35 21 35
5 22 35
6 22 35
7 22 35
8 22 35
9 22 35
10 22 35
11 22 35
35 22 35
43 22 35
44 22 35
45 22 35
46 22 35
3 23 35
4 23 35
5 23 35
6 23 35
7 23 35
8 23 35
9 23 35
10 23 35
11 23 35
35 23 35
43 23 35
46 23 35
3 24 35
4 24 35
5 24 35
6 24 35
7 24 35
8 24 35
9 24 35
10 24 35
11 24 35
35 24 35
43 24 35
46 24 35
47 24 35
3 25 35
4 25 35
5 25 35
6 25 35
7 25 35
8 25 35
9 25 35
10 25 35
11 25 35
35 25 35
43 25 35
46 25 35
47 25 35
3 26 35
4 26 35
5 26 35
6 26 35
7 26 35
8 26 35
9 26 35
10 26 35
11 26 35
35 26 35
43 26 35
46 26 35
5 27 35
6 27 35
7 27 35
8 27 35
9 27 35
10 27 35
11 27 35
35 27 35
43 27 35
44 27 35
45 27 35
46 27 35
11 28 35
35 28 35
11 29 35
35 29 35
11 30 35
35 30 35
11 31 35
34 31 35
11 32 35
12 32 35
12 33 35
34 33 35
12 34 35
34 34 35
12 35 35
13 35 35
33 35 35
13 36 35
33 36 35
13 37 35
32 37 35
14 38 35
32 38 35
14 39 35
15 39 35
31 39 35
15 40 35
30 40 35
31 40 35
16 41 35
29 41 35
30 41 35
17 42 35
28 42 35
29 42 35
18 43 35
19 43 35
27 43 35
28 43 35
19 44 35
20 44 35
21 44 35
22 44 35
23 44 35
24 44 35
25 44 35
26 44 35
20 5 36
21 5 36
22 5 36
23 5 36
24 5 36
25 5 36
18 6 36
19 6 36
20 6 36
25 6 36
26 6 36
27 6 36
28 6 36
17 7 36
18 7 36
27 7 36
28 7 36
16 8 36
17 8 36
29 8 36
30 8 36
15 9 36
16 9 36
30 9 36
15 10 36
31 10 36
14 11 36
31 11 36
32 11 36
13 12 36
14 12 36
32 12 36
13 13 36
32 13 36
33 13 36
12 14 36
13 14 36
33 14 36
12 15 36
33 15 36
12 16 36
33 16 36
34 16 36
12 17 36
34 17 36
11 18 36
12 18 36
34 18 36
11 19 36
34 19 36
35 19 36
11 20 36
34 20 36
35 20 36
11 21 36
35 21 36
11 22 36
35 22 36
44 22 36
45 22 36
46 22 36
11 23 36
35 23 36
43 23 36
44 23 36
46 23 36
47 23 36
11 24 36
35 24 36
43 24 36
47 24 36
11 25 36
35 25 36
43 25 36
47 25 36
11 26 36
35 26 36
43 26 36
44 26 36
46 26 36
47 26 36
11 27 36
35 27 36
44 27 36
45 27 36
46 27 36
11 28 36
35 28 36
11 29 36
34 29 36
35 29 36
11 30 36
34 30 36
35 30 36
11 31 36
12 31 36
34 31 36
12 32 36
34 32 36
12 33 36
34 33 36
12 34 36
33 34 36
12 35 36
13 35 36
33 35 36
13 36 36
32 36 36
33 36 36
13 37 36
14 37 36
32 37 36
14 38 36
15 38 36
31 38 36
15 39 36
31 39 36
15 40 36
16 40 36
30 40 36
16 41 36
17 41 36
29 41 36
30 41 36
17 42 36
18 42 36
28 42 36
18 43 36
19 43 36
20 43 36
21 43 36
25 43 36
26 43 36
27 43 36
28 43 36
20 44 36
21 44 36
22 44 36
23 44 36
24 44 36
25 44 36
23 5 37
19 6 37
20 6 37
21 6 37
22 6 37
24 6 37
25 6 37
26 6 37
18 7 37
27 7 37
28 7 37
16 8 37
17 8 37
28 8 37
29 8 37
16 9 37
30 9 37
15 10 37
30 10 37
31 10 37
15 11 37
31 11 37
14 12 37
32 12 37
13 13 37
14 13 37
32 13 37
13 14 37
33 14 37
33 15 37
12 16 37
33 16 37
12 17 37
12 18 37
34 18 37
12 19 37
34 19 37
11 20 37
34 20 37
11 21 37
34 21 37
11 22 37
35 22 37
44 22 37
45 22 37
46 22 37
47 22 37
11 23 37
35 23 37
44 23 37
47 23 37
48 23 37
11 24 37
35 24 37
43 24 37
44 24 37
47 24 37
48 24 37
11 25 37
35 25 37
43 25 37
44 25 37
48 25 37
11 26 37
35 26 37
44 26 37
47 26 37
48 26 37
11 27 37
35 27 37
44 27 37
45 27 37
46 27 37
47 27 37
11 28 37
34 28 37
11 29 37
34 29 37
11 30 37
12 30 37
34 30 37
12 31 37
34 31 37
34 32 37
12 33 37
33 33 37
12 34 37
13 35 37
32 35 37
33 35 37
13 36 37
32 36 37
14 37 37
31 37 37
32 37 37
14 38 37
31 38 37
15 39 37
30 39 37
31 39 37
16 40 37
29 40 37
30 40 37
17 41 37
29 41 37
18 42 37
19 42 37
27 42 37
28 42 37
20 43 37
21 43 37
22 43 37
23 43 37
24 43 37
25 43 37
26 43 37
27 43 37
23 44 37
20 6 38
21 6 38
22 6 38
23 6 38
24 6 38
25 6 38
26 6 38
18 7 38
19 7 38
20 7 38
21 7 38
22 7 38
23 7 38
24 7 38
25 7 38
26 7 38
27 7 38
17 8 38
18 8 38
19 8 38
20 8 38
21 8 38
22 8 38
23 8 38
24 8 38
25 8 38
26 8 38
27 8 38
28 8 38
29 8 38
16 9 38
17 9 38
18 9 38
19 9 38
20 9 38
21 9 38
22 9 38
23 9 38
24 9 38
25 9 38
26 9 38
27 9 38
28 9 38
29 9 38
15 10 38
16 10 38
17 10 38
18 10 38
19 10 38
20 10 38
26 10 38
27 10 38
28 10 38
29 10 38
30 10 38
31 10 38
15 11 38
16 11 38
17 11 38
18 11 38
27 11 38
28 11 38
29 11 38
30 11 38
31 11 38
14 12 38
15 12 38
16 12 38
17 12 38
29 12 38
30 12 38
31 12 38
32 12 38
13 13 38
14 13 38
15 13 38
16 13 38
17 13 38
29 13 38
30 13 38
31 13 38
32 13 38
13 14 38
14 14 38
15 14 38
16 14 38
30 14 38
31 14 38
32 14 38
33 14 38
13 15 38
14 15 38
15 15 38
31 15 38
32 15 38
33 15 38
12 16 38
13 16 38
14 16 38
15 16 38
31 16 38
32 16 38
33 16 38
12 17 38
13 17 38
14 17 38
31 17 38
32 17 38
33 17 38
34 17 38
12 18 38
13 18 38
14 18 38
32 18 38
33 18 38
34 18 38
12 19 38
13 19 38
14 19 38
32 19 38
33 19 38
34 19 38
11 20 38
12 20 38
13 20 38
32 20 38
33 20 38
34 20 38
11 21 38
12 21 38
13 21 38
32 21 38
33 21 38
34 21 38
11 22 38
12 22 38
13 22 38
32 22 38
33 22 38
34 22 38
45 22 38
46 22 38
47 22 38
48 22 38
11 23 38
12 23 38
13 23 38
32 23 38
33 23 38
34 23 38
44 23 38
45 23 38
46 23 38
47 23 38
48 23 38
49 23 38
11 24 38
12 24 38
13 24 38
33 24 38
34 24 38
44 24 38
45 24 38
46 24 38
47 24 38
48 24 38
49 24 38
11 25 38
12 25 38
13 25 38
33 25 38
34 25 38
44 25 38
45 25 38
46 25 38
47 25 38
48 25 38
49 25 38
11 26 38
12 26 38
13 26 38
33 26 38
34 26 38
44 26 38
45 26 38
46 26 38
47 26 38
48 26 38
49 26 38
11 27 38
12 27 38
13 27 38
32 27 38
33 27 38
34 27 38
45 27 38
46 27 38
47 27 38
48 27 38
11 28 38
12 28 38
13 28 38
32 28 38
33 28 38
34 28 38
11 29 38
12 29 38
13 29 38
32 29 38
33 29 38
34 29 38
12 30 38
13 30 38
14 30 38
32 30 38
33 30 38
34 30 38
12 31 38
13 31 38
14 31 38
32 31 38
33 31 38
34 31 38
12 32 38
13 32 38
14 32 38
32 32 38
33 32 38
34 32 38
12 33 38
13 33 38
14 33 38
15 33 38
31 33 38
32 33 38
33 33 38
13 34 38
14 34 38
15 34 38
31 34 38
32 34 38
33 34 38
13 35 38
14 35 38
15 35 38
30 35 38
31 35 38
32 35 38
33 35 38
13 36 38
14 36 38
15 36 38
16 36 38
29 36 38
30 36 38
31 36 38
32 36 38
14 37 38
15 37 38
16 37 38
17 37 38
29 37 38
30 37 38
31 37 38
32 37 38
14 38 38
15 38 38
16 38 38
17 38 38
18 38 38
27 38 38
28 38 38
29 38 38
30 38 38
31 38 38
15 39 38
16 39 38
17 39 38
18 39 38
19 39 38
20 39 38
26 39 38
27 39 38
28 39 38
29 39 38
30 39 38
31 39 38
16 40 38
17 40 38
18 40 38
19 40 38
20 40 38
21 40 38
22 40 38
23 40 38
24 40 38
25 40 38
26 40 38
27 40 38
28 40 38
29 40 38
17 41 38
18 41 38
19 41 38
20 41 38
21 41 38
22 41 38
23 41 38
24 41 38
25 41 38
26 41 38
27 41 38
28 41 38
29 41 38
18 42 38
19 42 38
20 42 38
21 42 38
22 42 38
23 42 38
24 42 38
25 42 38
26 42 38
27 42 38
20 43 38
21 43 38
22 43 38
23 43 38
24 43 38
25 43 38
26 43 38
21 6 39
22 6 39
23 6 39
24 6 39
19 7 39
20 7 39
21 7 39
22 7 39
23 7 39
24 7 39
25 7 39
26 7 39
27 7 39
18 8 39
19 8 39
20 8 39
21 8 39
25 8 39
26 8 39
27 8 39
28 8 39
16 9 39
17 9 39
18 9 39
19 9 39
21 9 39
22 9 39
23 9 39
24 9 39
27 9 39
28 9 39
29 9 39
16 10 39
17 10 39
19 10 39
20 10 39
21 10 39
22 10 39
23 10 39
24 10 39
25 10 39
26 10 39
27 10 39
28 10 39
29 10 39
30 10 39
15 11 39
16 11 39
18 11 39
19 11 39
20 11 39
21 11 39
22 11 39
23 11 39
24 11 39
25 11 39
26 11 39
27 11 39
28 11 39
29 11 39
30 11 39
31 11 39
14 12 39
15 12 39
16 12 39
17 12 39
18 12 39
19 12 39
20 12 39
21 12 39
22 12 39
23 12 39
24 12 39
25 12 39
26 12 39
27 12 39
28 12 39
29 12 39
30 12 39
31 12 39
14 13 39
15 13 39
16 13 39
17 13 39
18 13 39
19 13 39
20 13 39
25 13 39
26 13 39
27 13 39
28 13 39
29 13 39
31 13 39
32 13 39
13 14 39
14 14 39
16 14 39
17 14 39
18 14 39
27 14 39
28 14 39
29 14 39
30 14 39
31 14 39
32 14 39
13 15 39
14 15 39
15 15 39
16 15 39
17 15 39
28 15 39
29 15 39
30 15 39
32 15 39
33 15 39
13 16 39
15 16 39
16 16 39
17 16 39
29 16 39
30 16 39
31 16 39
32 16 39
33 16 39
12 17 39
13 17 39
14 17 39
15 17 39
16 17 39
29 17 39
30 17 39
31 17 39
32 17 39
33 17 39
12 18 39
13 18 39
14 18 39
15 18 39
16 18 39
30 18 39
31 18 39
32 18 39
33 18 39
34 18 39
12 19 39
13 19 39
14 19 39
15 19 39
16 19 39
30 19 39
31 19 39
32 19 39
33 19 39
34 19 39
12 20 39
14 20 39
15 20 39
30 20 39
31 20 39
32 20 39
33 20 39
34 20 39
12 21 39
13 21 39
14 21 39
15 21 39
31 21 39
32 21 39
33 21 39
34 21 39
12 22 39
13 22 39
14 22 39
15 22 39
30 22 39
31 22 39
32 22 39
33 22 39
34 22 39
46 22 39
47 22 39
48 22 39
11 23 39
12 23 39
13 23 39
14 23 39
15 23 39
31 23 39
32 23 39
33 23 39
34 23 39
45 23 39
46 23 39
47 23 39
48 23 39
49 23 39
11 24 39
12 24 39
13 24 39
14 24 39
15 24 39
31 24 39
32 24 39
34 24 39
45 24 39
49 24 39
11 25 39
12 25 39
13 25 39
14 25 39
15 25 39
31 25 39
32 25 39
34 25 39
45 25 39
49 25 39
11 26 39
12 26 39
13 26 39
14 26 39
15 26 39
31 26 39
32 26 39
33 26 39
34 26 39
45 26 39
46 26 39
47 26 39
48 26 39
49 26 39
12 27 39
13 27 39
14 27 39
15 27 39
31 27 39
32 27 39
33 27 39
34 27 39
46 27 39
47 27 39
48 27 39
12 28 39
13 28 39
14 28 39
15 28 39
30 28 39
31 28 39
32 28 39
33 28 39
34 28 39
12 29 39
13 29 39
14 29 39
15 29 39
31 29 39
32 29 39
33 29 39
34 29 39
12 30 39
13 30 39
14 30 39
15 30 39
16 30 39
30 30 39
31 30 39
32 30 39
33 30 39
34 30 39
12 31 39
13 31 39
14 31 39
15 31 39
16 31 39
30 31 39
31 31 39
32 31 39
33 31 39
34 31 39
12 32 39
13 32 39
14 32 39
15 32 39
16 32 39
30 32 39
31 32 39
32 32 39
33 32 39
13 33 39
14 33 39
15 33 39
16 33 39
17 33 39
29 33 39
30 33 39
31 33 39
32 33 39
33 33 39
13 34 39
14 34 39
15 34 39
16 34 39
17 34 39
18 34 39
28 34 39
29 34 39
30 34 39
32 34 39
33 34 39
13 35 39
14 35 39
16 35 39
17 35 39
18 35 39
28 35 39
29 35 39
30 35 39
31 35 39
32 35 39
14 36 39
15 36 39
16 36 39
17 36 39
18 36 39
19 36 39
20 36 39
26 36 39
27 36 39
28 36 39
29 36 39
31 36 39
32 36 39
14 37 39
15 37 39
16 37 39
17 37 39
18 37 39
19 37 39
20 37 39
21 37 39
22 37 39
23 37 39
25 37 39
26 37 39
27 37 39
28 37 39
29 37 39
30 37 39
31 37 39
15 38 39
16 38 39
18 38 39
19 38 39
20 38 39
21 38 39
22 38 39
23 38 39
24 38 39
25 38 39
26 38 39
27 38 39
28 38 39
29 38 39
30 38 39
31 38 39
16 39 39
17 39 39
19 39 39
20 39 39
21 39 39
22 39 39
23 39 39
24 39 39
25 39 39
26 39 39
27 39 39
28 39 39
29 39 39
30 39 39
16 40 39
17 40 39
18 40 39
19 40 39
21 40 39
22 40 39
23 40 39
24 40 39
27 40 39
28 40 39
29 40 39
18 41 39
19 41 39
20 41 39
21 41 39
25 41 39
26 41 39
27 41 39
28 41 39
19 42 39
20 42 39
21 42 39
22 42 39
23 42 39
24 42 39
25 42 39
26 42 39
27 42 39
21 43 39
22 43 39
23 43 39
24 43 39
21 12 40
22 12 40
20 13 40
21 13 40
22 13 40
23 13 40
24 13 40
25 13 40
19 14 40
20 14 40
21 14 40
22 14 40
23 14 40
24 14 40
25 14 40
26 14 40
27 14 40
18 15 40
19 15 40
20 15 40
21 15 40
22 15 40
23 15 40
24 15 40
25 15 40
26 15 40
27 15 40
17 16 40
18 16 40
19 16 40
20 16 40
21 16 40
22 16 40
23 16 40
24 16 40
25 16 40
26 16 40
27 16 40
28 16 40
17 17 40
18 17 40
19 17 40
20 17 40
21 17 40
22 17 40
23 17 40
24 17 40
25 17 40
26 17 40
27 17 40
28 17 40
29 17 40
16 18 40
17 18 40
18 18 40
19 18 40
20 18 40
21 18 40
26 18 40
27 18 40
28 18 40
29 18 40
16 19 40
17 19 40
18 19 40
19 19 40
20 19 40
26 19 40
27 19 40
28 19 40
29 19 40
16 20 40
17 20 40
18 20 40
27 20 40
28 20 40
29 20 40
30 20 40
16 21 40
17 21 40
18 21 40
27 21 40
28 21 40
29 21 40
30 21 40
15 22 40
16 22 40
17 22 40
18 22 40
27 22 40
28 22 40
29 22 40
30 22 40
16 23 40
17 23 40
18 23 40
28 23 40
29 23 40
30 23 40
15 24 40
16 24 40
17 24 40
18 24 40
28 24 40
29 24 40
30 24 40
15 25 40
16 25 40
17 25 40
18 25 40
28 25 40
29 25 40
30 25 40
16 26 40
17 26 40
18 26 40
27 26 40
28 26 40
29 26 40
30 26 40
16 27 40
17 27 40
18 27 40
27 27 40
28 27 40
29 27 40
30 27 40
16 28 40
17 28 40
18 28 40
28 28 40
29 28 40
30 28 40
16 29 40
17 29 40
18 29 40
19 29 40
27 29 40
28 29 40
29 29 40
30 29 40
16 30 40
17 30 40
18 30 40
19 30 40
20 30 40
26 30 40
27 30 40
28 30 40
29 30 40
30 30 40
16 31 40
17 31 40
18 31 40
19 31 40
20 31 40
25 31 40
26 31 40
27 31 40
28 31 40
29 31 40
17 32 40
18 32 40
19 32 40
20 32 40
21 32 40
22 32 40
23 32 40
24 32 40
25 32 40
26 32 40
27 32 40
28 32 40
29 32 40
17 33 40
18 33 40
19 33 40
20 33 40
21 33 40
22 33 40
23 33 40
24 33 40
25 33 40
26 33 40
27 33 40
28 33 40
18 34 40
19 34 40
20 34 40
21 34 40
22 34 40
23 34 40
24 34 40
25 34 40
26 34 40
27 34 40
28 34 40
19 35 40
20 35 40
21 35 40
22 35 40
23 35 40
24 35 40
25 35 40
26 35 40
27 35 40
21 36 40
22 36 40
23 36 40
24 36 40
25 36 40
26 36 40
23 37 40
24 37 40
22 17 41
23 17 41
21 18 41
22 18 41
23 18 41
24 18 41
25 18 41
19 19 41
20 19 41
21 19 41
22 19 41
23 19 41
24 19 41
25 19 41
26 19 41
19 20 41
20 20 41
21 20 41
22 20 41
23 20 41
24 20 41
25 20 41
26 20 41
19 21 41
20 21 41
21 21 41
22 21 41
24 21 41
25 21 41
26 21 41
27 21 41
19 22 41
20 22 41
21 22 41
25 22 41
26 22 41
27 22 41
19 23 41
20 23 41
25 23 41
26 23 41
27 23 41
18 24 41
19 24 41
20 24 41
26 24 41
27 24 41
18 25 41
19 25 41
20 25 41
26 25 41
27 25 41
19 26 41
20 26 41
25 26 41
26 26 41
27 26 41
19 27 41
20 27 41
21 27 41
25 27 41
26 27 41
27 27 41
19 28 41
20 28 41
21 28 41
22 28 41
24 28 41
25 28 41
26 28 41
27 28 41
19 29 41
20 29 41
21 29 41
22 29 41
23 29 41
24 29 41
25 29 41
26 29 41
27 29 41
20 30 41
21 30 41
22 30 41
23 30 41
24 30 41
25 30 41
26 30 41
21 31 41
22 31 41
23 31 41
24 31 41
25 31 41
22 32 41
23 32 41
22 21 42
23 21 42
24 21 42
21 22 42
22 22 42
23 22 42
24 22 42
21 23 42
22 23 42
24 23 42
25 23 42
21 24 42
24 24 42
25 24 42
21 25 42
24 25 42
25 25 42
21 26 42
22 26 42
24 26 42
25 26 42
21 27 42
22 27 42
23 27 42
24 27 42
22 28 42
23 28 42
24 28 42
22 22 43
23 22 43
22 23 43
23 23 43
24 23 43
21 24 43
22 24 43
24 24 43
22 25 43
24 25 43
22 26 43
23 26 43
24 26 43
22 27 43
23 27 43
22 22 44
23 22 44
24 22 44
21 23 44
22 23 44
23 23 44
24 23 44
21 24 44
22 24 44
24 24 44
21 25 44
22 25 44
24 25 44
21 26 44
22 26 44
23 26 44
24 26 44
22 27 44
23 27 44
24 27 44
22 22 45
23 22 45
24 22 45
21 23 45
24 23 45
25 23 45
21 24 45
25 24 45
21 25 45
25 25 45
21 26 45
24 26 45
25 26 45
22 27 45
23 27 45
24 27 45
22 21 46
23 21 46
24 21 46
21 22 46
24 22 46
25 22 46
21 23 46
25 23 46
21 24 46
25 24 46
21 25 46
25 25 46
21 26 46
25 26 46
21 27 46
24 27 46
25 27 46
22 28 46
23 28 46
24 28 46
22 20 47
23 20 47
21 21 47
22 21 47
23 21 47
24 21 47
21 22 47
25 22 47
20 23 47
25 23 47
20 24 47
25 24 47
20 25 47
25 25 47
20 26 47
25 26 47
21 27 47
25 27 47
21 28 47
22 28 47
23 28 47
24 28 47
22 29 47
23 29 47
22 20 48
23 20 48
24 20 48
21 21 48
24 21 48
25 21 48
20 22 48
21 22 48
25 22 48
20 23 48
25 23 48
26 23 48
20 24 48
26 24 48
20 25 48
26 25 48
20 26 48
25 26 48
26 26 48
20 27 48
21 27 48
25 27 48
21 28 48
24 28 48
25 28 48
22 29 48
23 29 48
24 29 48
22 20 49
23 20 49
24 20 49
21 21 49
22 21 49
23 21 49
24 21 49
25 21 49
21 22 49
22 22 49
23 22 49
24 22 49
25 22 49
20 23 49
21 23 49
22 23 49
23 23 49
24 23 49
25 23 49
20 24 49
21 24 49
22 24 49
23 24 49
24 24 49
25 24 49
20 25 49
21 25 49
22 25 49
23 25 49
24 25 49
25 25 49
20 26 49
21 26 49
22 26 49
23 26 49
24 26 49
25 26 49
21 27 49
22 27 49
23 27 49
24 27 49
25 27 49
21 28 49
22 28 49
23 28 49
24 28 49
25 28 49
22 29 49
23 29 49
24 29 49
